5 0.531 0.001
30 0.422 0.001
45 0 0.001
70 -0.668 0.001
90 -1.502 0.001
5 0.471 0.001
30 0.387 0.001
45 0 0.001
70 -0.624 0.001
90 -1.412 0.001
5 0.34 0.001
30 0.31 0.001
45 0 0.001
70 -0.527 0.001
90 -1.208 0.001
5 0.151 0.001
30 0.197 0.001
45 0 0.001
70 -0.383 0.001
90 -0.907 0.001
5 -0.069 0.001
30 0.066 0.001
45 0 0.001
70 -0.213 0.001
90 -0.549 0.001
5 -0.342 0.001
30 -0.1 0.001
45 0 0.001
70 0.002 0.001
90 -0.096 0.001
5 -0.628 0.001
30 -0.272 0.001
45 0 0.001
70 0.225 0.001
90 0.376 0.001
5 -0.899 0.001
30 -0.436 0.001
45 0 0.001
70 0.438 0.001
90 0.826 0.001
5 -1.123 0.001
30 -0.572 0.001
45 0 0.001
70 0.615 0.001
90 1.202 0.001
5 -1.298 0.001
30 -0.68 0.001
45 0 0.001
70 0.758 0.001
90 1.507 0.001
5 -1.413 0.001
30 -0.752 0.001
45 0 0.001
70 0.855 0.001
90 1.715 0.001
5 -1.466 0.001
30 -0.786 0.001
45 0 0.001
70 0.9 0.001
90 1.811 0.001
5 -1.464 0.001
30 -0.784 0.001
45 0 0.001
70 0.898 0.001
90 1.807 0.001
5 -1.415 0.001
30 -0.753 0.001
45 0 0.001
70 0.855 0.001
90 1.715 0.001
5 -1.3 0.001
30 -0.681 0.001
45 0 0.001
70 0.759 0.001
90 1.508 0.001
5 -1.125 0.001
30 -0.572 0.001
45 0 0.001
70 0.615 0.001
90 1.202 0.001
5 -0.905 0.001
30 -0.439 0.001
45 0 0.001
70 0.442 0.001
90 0.834 0.001
5 -0.629 0.001
30 -0.273 0.001
45 0 0.001
70 0.226 0.001
90 0.377 0.001
5 -0.345 0.001
30 -0.101 0.001
45 0 0.001
70 0.002 0.001
90 -0.095 0.001
5 -0.075 0.001
30 0.062 0.001
45 0 0.001
70 -0.209 0.001
90 -0.54 0.001
5 0.15 0.001
30 0.197 0.001
45 0 0.001
70 -0.383 0.001
90 -0.907 0.001
5 0.339 0.001
30 0.309 0.001
45 0 0.001
70 -0.526 0.001
90 -1.207 0.001
5 0.474 0.001
30 0.388 0.001
45 0 0.001
70 -0.626 0.001
90 -1.414 0.001
5 0.535 0.001
30 0.424 0.001
45 0 0.001
70 -0.671 0.001
90 -1.508 0.001
5 1.387 0.001
30 0.884 0.001
45 0 0.001
70 -1.202 0.001
90 -2.578 0.001
5 1.362 0.001
30 0.863 0.001
45 0 0.001
70 -1.168 0.001
90 -2.501 0.001
5 1.164 0.001
30 0.755 0.001
45 0 0.001
70 -1.041 0.001
90 -2.244 0.001
5 0.963 0.001
30 0.637 0.001
45 0 0.001
70 -0.893 0.001
90 -1.936 0.001
5 0.657 0.001
30 0.449 0.001
45 0 0.001
70 -0.643 0.001
90 -1.406 0.001
5 0.085 0.001
30 0.107 0.001
45 0 0.001
70 -0.204 0.001
90 -0.484 0.001
5 -0.531 0.001
30 -0.266 0.001
45 0 0.001
70 0.28 0.001
90 0.539 0.001
5 -1.047 0.001
30 -0.588 0.001
45 0 0.001
70 0.709 0.001
90 1.454 0.001
5 -1.405 0.001
30 -0.799 0.001
45 0 0.001
70 0.978 0.001
90 2.019 0.001
5 -1.569 0.001
30 -0.914 0.001
45 0 0.001
70 1.144 0.001
90 2.385 0.001
5 -1.646 0.001
30 -0.973 0.001
45 0 0.001
70 1.236 0.001
90 2.593 0.001
5 -1.742 0.001
30 -1.026 0.001
45 0 0.001
70 1.3 0.001
90 2.724 0.001
5 -1.753 0.001
30 -1.03 0.001
45 0 0.001
70 1.301 0.001
90 2.723 0.001
5 -1.666 0.001
30 -0.983 0.001
45 0 0.001
70 1.246 0.001
90 2.612 0.001
5 -1.581 0.001
30 -0.916 0.001
45 0 0.001
70 1.142 0.001
90 2.377 0.001
5 -1.405 0.001
30 -0.804 0.001
45 0 0.001
70 0.989 0.001
90 2.045 0.001
5 -1.059 0.001
30 -0.596 0.001
45 0 0.001
70 0.721 0.001
90 1.48 0.001
5 -0.543 0.001
30 -0.275 0.001
45 0 0.001
70 0.294 0.001
90 0.569 0.001
5 0.05 0.001
30 0.088 0.001
45 0 0.001
70 -0.183 0.001
90 -0.442 0.001
5 0.632 0.001
30 0.435 0.001
45 0 0.001
70 -0.628 0.001
90 -1.376 0.001
5 0.917 0.001
30 0.614 0.001
45 0 0.001
70 -0.869 0.001
90 -1.891 0.001
5 1.189 0.001
30 0.767 0.001
45 0 0.001
70 -1.054 0.001
90 -2.268 0.001
5 1.361 0.001
30 0.861 0.001
45 0 0.001
70 -1.163 0.001
90 -2.487 0.001
5 1.403 0.001
30 0.891 0.001
45 0 0.001
70 -1.209 0.001
90 -2.589 0.001
5 1.732 0.001
30 1.051 0.001
45 0 0.001
70 -1.368 0.001
90 -2.89 0.001
5 1.882 0.001
30 1.126 0.001
45 0 0.001
70 -1.449 0.001
90 -3.047 0.001
5 1.793 0.001
30 1.072 0.001
45 0 0.001
70 -1.377 0.001
90 -2.894 0.001
5 2.208 0.001
30 1.274 0.001
45 0 0.001
70 -1.582 0.001
90 -3.28 0.001
5 1.587 0.001
30 0.957 0.001
45 0 0.001
70 -1.24 0.001
90 -2.615 0.001
5 1.62 0.001
30 0.979 0.001
45 0 0.001
70 -1.271 0.001
90 -2.684 0.001
5 1.271 0.001
30 0.791 0.001
45 0 0.001
70 -1.054 0.001
90 -2.247 0.001
5 1.415 0.001
30 0.86 0.001
45 0 0.001
70 -1.123 0.001
90 -2.377 0.001
5 1.224 0.001
30 0.743 0.001
45 0 0.001
70 -0.968 0.001
90 -2.048 0.001
5 1.557 0.001
30 0.901 0.001
45 0 0.001
70 -1.12 0.001
90 -2.33 0.001
5 0.805 0.001
30 0.483 0.001
45 0 0.001
70 -0.623 0.001
90 -1.315 0.001
5 0.48 0.001
30 0.29 0.001
45 0 0.001
70 -0.377 0.001
90 -0.8 0.001
5 -0.014 0.001
30 0.002 0.001
45 0 0.001
70 -0.016 0.001
90 -0.046 0.001
5 -0.393 0.001
30 -0.24 0.001
45 0 0.001
70 0.316 0.001
90 0.665 0.001
5 -0.7 0.001
30 -0.429 0.001
45 0 0.001
70 0.564 0.001
90 1.192 0.001
5 -1.058 0.001
30 -0.693 0.001
45 0 0.001
70 0.962 0.001
90 2.076 0.001
5 -1.201 0.001
30 -0.725 0.001
45 0 0.001
70 0.941 0.001
90 1.985 0.001
5 -1.405 0.001
30 -0.85 0.001
45 0 0.001
70 1.105 0.001
90 2.332 0.001
5 -1.464 0.001
30 -0.863 0.001
45 0 0.001
70 1.095 0.001
90 2.294 0.001
5 -1.569 0.001
30 -0.96 0.001
45 0 0.001
70 1.259 0.001
90 2.67 0.001
5 -1.54 0.001
30 -0.941 0.001
45 0 0.001
70 1.234 0.001
90 2.618 0.001
5 -1.543 0.001
30 -1.018 0.001
45 0 0.001
70 1.422 0.001
90 3.085 0.001
5 -1.645 0.001
30 -1.019 0.001
45 0 0.001
70 1.353 0.001
90 2.886 0.001
5 -1.729 0.001
30 -1.073 0.001
45 0 0.001
70 1.426 0.001
90 3.044 0.001
5 -1.739 0.001
30 -1.06 0.001
45 0 0.001
70 1.388 0.001
90 2.945 0.001
5 -1.73 0.001
30 -1.074 0.001
45 0 0.001
70 1.428 0.001
90 3.048 0.001
5 -1.645 0.001
30 -1.02 0.001
45 0 0.001
70 1.354 0.001
90 2.888 0.001
5 -1.541 0.001
30 -1.017 0.001
45 0 0.001
70 1.422 0.001
90 3.087 0.001
5 -1.542 0.001
30 -0.942 0.001
45 0 0.001
70 1.235 0.001
90 2.62 0.001
5 -1.576 0.001
30 -0.962 0.001
45 0 0.001
70 1.261 0.001
90 2.673 0.001
5 -1.468 0.001
30 -0.865 0.001
45 0 0.001
70 1.097 0.001
90 2.296 0.001
5 -1.41 0.001
30 -0.853 0.001
45 0 0.001
70 1.107 0.001
90 2.337 0.001
5 -1.205 0.001
30 -0.727 0.001
45 0 0.001
70 0.942 0.001
90 1.985 0.001
5 -1.061 0.001
30 -0.693 0.001
45 0 0.001
70 0.96 0.001
90 2.07 0.001
5 -0.71 0.001
30 -0.434 0.001
45 0 0.001
70 0.569 0.001
90 1.203 0.001
5 -0.411 0.001
30 -0.251 0.001
45 0 0.001
70 0.329 0.001
90 0.692 0.001
5 -0.028 0.001
30 -0.006 0.001
45 0 0.001
70 -0.006 0.001
90 -0.026 0.001
5 0.462 0.001
30 0.28 0.001
45 0 0.001
70 -0.364 0.001
90 -0.772 0.001
5 0.799 0.001
30 0.48 0.001
45 0 0.001
70 -0.619 0.001
90 -1.306 0.001
5 1.564 0.001
30 0.904 0.001
45 0 0.001
70 -1.125 0.001
90 -2.339 0.001
5 1.224 0.001
30 0.743 0.001
45 0 0.001
70 -0.969 0.001
90 -2.049 0.001
5 1.409 0.001
30 0.858 0.001
45 0 0.001
70 -1.12 0.001
90 -2.372 0.001
5 1.269 0.001
30 0.79 0.001
45 0 0.001
70 -1.054 0.001
90 -2.246 0.001
5 1.621 0.001
30 0.98 0.001
45 0 0.001
70 -1.272 0.001
90 -2.684 0.001
5 1.584 0.001
30 0.956 0.001
45 0 0.001
70 -1.239 0.001
90 -2.612 0.001
5 2.201 0.001
30 1.271 0.001
45 0 0.001
70 -1.579 0.001
90 -3.276 0.001
5 1.79 0.001
30 1.07 0.001
45 0 0.001
70 -1.376 0.001
90 -2.891 0.001
5 1.879 0.001
30 1.125 0.001
45 0 0.001
70 -1.447 0.001
90 -3.043 0.001
5 2.264 0.001
30 1.311 0.001
45 0 0.001
70 -1.635 0.001
90 -3.395 0.001
5 2.283 0.001
30 1.326 0.001
45 0 0.001
70 -1.658 0.001
90 -3.447 0.001
5 2.419 0.001
30 1.388 0.001
45 0 0.001
70 -1.713 0.001
90 -3.545 0.001
5 2.558 0.001
30 1.456 0.001
45 0 0.001
70 -1.784 0.001
90 -3.68 0.001
5 2.396 0.001
30 1.38 0.001
45 0 0.001
70 -1.71 0.001
90 -3.543 0.001
5 2.23 0.001
30 1.309 0.001
45 0 0.001
70 -1.653 0.001
90 -3.453 0.001
5 2.132 0.001
30 1.245 0.001
45 0 0.001
70 -1.566 0.001
90 -3.265 0.001
5 2.014 0.001
30 1.179 0.001
45 0 0.001
70 -1.485 0.001
90 -3.1 0.001
5 2.019 0.001
30 1.161 0.001
45 0 0.001
70 -1.437 0.001
90 -2.981 0.001
5 1.941 0.001
30 1.098 0.001
45 0 0.001
70 -1.336 0.001
90 -2.755 0.001
5 1.403 0.001
30 0.788 0.001
45 0 0.001
70 -0.95 0.001
90 -1.954 0.001
5 0.843 0.001
30 0.469 0.001
45 0 0.001
70 -0.56 0.001
90 -1.148 0.001
5 0.26 0.001
30 0.111 0.001
45 0 0.001
70 -0.089 0.001
90 -0.151 0.001
5 -0.351 0.001
30 -0.259 0.001
45 0 0.001
70 0.391 0.001
90 0.861 0.001
5 -0.725 0.001
30 -0.505 0.001
45 0 0.001
70 0.736 0.001
90 1.608 0.001
5 -1.119 0.001
30 -0.761 0.001
45 0 0.001
70 1.089 0.001
90 2.372 0.001
5 -1.368 0.001
30 -0.895 0.001
45 0 0.001
70 1.244 0.001
90 2.684 0.001
5 -1.585 0.001
30 -1.005 0.001
45 0 0.001
70 1.36 0.001
90 2.913 0.001
5 -1.66 0.001
30 -1.059 0.001
45 0 0.001
70 1.439 0.001
90 3.09 0.001
5 -1.79 0.001
30 -1.139 0.001
45 0 0.001
70 1.546 0.001
90 3.319 0.001
5 -1.683 0.001
30 -1.106 0.001
45 0 0.001
70 1.542 0.001
90 3.342 0.001
5 -1.637 0.001
30 -1.105 0.001
45 0 0.001
70 1.572 0.001
90 3.432 0.001
5 -1.671 0.001
30 -1.107 0.001
45 0 0.001
70 1.552 0.001
90 3.373 0.001
5 -1.747 0.001
30 -1.13 0.001
45 0 0.001
70 1.555 0.001
90 3.359 0.001
5 -1.706 0.001
30 -1.107 0.001
45 0 0.001
70 1.527 0.001
90 3.302 0.001
5 -1.747 0.001
30 -1.13 0.001
45 0 0.001
70 1.555 0.001
90 3.36 0.001
5 -1.671 0.001
30 -1.107 0.001
45 0 0.001
70 1.552 0.001
90 3.373 0.001
5 -1.637 0.001
30 -1.105 0.001
45 0 0.001
70 1.572 0.001
90 3.432 0.001
5 -1.685 0.001
30 -1.107 0.001
45 0 0.001
70 1.543 0.001
90 3.343 0.001
5 -1.793 0.001
30 -1.14 0.001
45 0 0.001
70 1.547 0.001
90 3.32 0.001
5 -1.665 0.001
30 -1.06 0.001
45 0 0.001
70 1.441 0.001
90 3.093 0.001
5 -1.59 0.001
30 -1.007 0.001
45 0 0.001
70 1.362 0.001
90 2.917 0.001
5 -1.375 0.001
30 -0.899 0.001
45 0 0.001
70 1.247 0.001
90 2.69 0.001
5 -1.127 0.001
30 -0.765 0.001
45 0 0.001
70 1.093 0.001
90 2.378 0.001
5 -0.735 0.001
30 -0.51 0.001
45 0 0.001
70 0.741 0.001
90 1.619 0.001
5 -0.363 0.001
30 -0.264 0.001
45 0 0.001
70 0.398 0.001
90 0.874 0.001
5 0.249 0.001
30 0.105 0.001
45 0 0.001
70 -0.082 0.001
90 -0.137 0.001
5 0.834 0.001
30 0.464 0.001
45 0 0.001
70 -0.553 0.001
90 -1.136 0.001
5 1.394 0.001
30 0.783 0.001
45 0 0.001
70 -0.945 0.001
90 -1.944 0.001
5 1.937 0.001
30 1.096 0.001
45 0 0.001
70 -1.334 0.001
90 -2.75 0.001
5 2.013 0.001
30 1.159 0.001
45 0 0.001
70 -1.434 0.001
90 -2.976 0.001
5 2.011 0.001
30 1.178 0.001
45 0 0.001
70 -1.483 0.001
90 -3.098 0.001
5 2.129 0.001
30 1.244 0.001
45 0 0.001
70 -1.564 0.001
90 -3.263 0.001
5 2.227 0.001
30 1.308 0.001
45 0 0.001
70 -1.652 0.001
90 -3.451 0.001
5 2.394 0.001
30 1.379 0.001
45 0 0.001
70 -1.709 0.001
90 -3.543 0.001
5 2.556 0.001
30 1.455 0.001
45 0 0.001
70 -1.783 0.001
90 -3.68 0.001
5 2.418 0.001
30 1.387 0.001
45 0 0.001
70 -1.714 0.001
90 -3.546 0.001
5 2.281 0.001
30 1.325 0.001
45 0 0.001
70 -1.657 0.001
90 -3.445 0.001
5 2.153 0.001
30 1.224 0.001
45 0 0.001
70 -1.5 0.001
90 -3.093 0.001
5 2.242 0.001
30 1.284 0.001
45 0 0.001
70 -1.583 0.001
90 -3.274 0.001
5 2.721 0.001
30 1.495 0.001
45 0 0.001
70 -1.763 0.001
90 -3.579 0.001
5 2.971 0.001
30 1.63 0.001
45 0 0.001
70 -1.92 0.001
90 -3.897 0.001
5 2.748 0.001
30 1.517 0.001
45 0 0.001
70 -1.799 0.001
90 -3.664 0.001
5 2.251 0.001
30 1.323 0.001
45 0 0.001
70 -1.672 0.001
90 -3.494 0.001
5 2.071 0.001
30 1.189 0.001
45 0 0.001
70 -1.47 0.001
90 -3.046 0.001
5 1.992 0.001
30 1.163 0.001
45 0 0.001
70 -1.46 0.001
90 -3.046 0.001
5 2.487 0.001
30 1.364 0.001
45 0 0.001
70 -1.604 0.001
90 -3.26 0.001
5 2.577 0.001
30 1.401 0.001
45 0 0.001
70 -1.633 0.001
90 -3.306 0.001
5 2.045 0.001
30 1.094 0.001
45 0 0.001
70 -1.25 0.001
90 -2.513 0.001
5 1.012 0.001
30 0.547 0.001
45 0 0.001
70 -0.633 0.001
90 -1.283 0.001
5 0.385 0.001
30 0.162 0.001
45 0 0.001
70 -0.125 0.001
90 -0.204 0.001
5 -0.295 0.001
30 -0.246 0.001
45 0 0.001
70 0.4 0.001
90 0.898 0.001
5 -0.59 0.001
30 -0.503 0.001
45 0 0.001
70 0.828 0.001
90 1.874 0.001
5 -0.998 0.001
30 -0.764 0.001
45 0 0.001
70 1.183 0.001
90 2.637 0.001
5 -1.126 0.001
30 -0.817 0.001
45 0 0.001
70 1.223 0.001
90 2.703 0.001
5 -1.591 0.001
30 -0.999 0.001
45 0 0.001
70 1.341 0.001
90 2.863 0.001
5 -1.494 0.001
30 -0.962 0.001
45 0 0.001
70 1.319 0.001
90 2.84 0.001
5 -1.855 0.001
30 -1.172 0.001
45 0 0.001
70 1.582 0.001
90 3.391 0.001
5 -1.359 0.001
30 -0.983 0.001
45 0 0.001
70 1.468 0.001
90 3.254 0.001
5 -1.355 0.001
30 -1.012 0.001
45 0 0.001
70 1.542 0.001
90 3.441 0.001
5 -1.309 0.001
30 -0.96 0.001
45 0 0.001
70 1.446 0.001
90 3.218 0.001
5 -1.613 0.001
30 -1.057 0.001
45 0 0.001
70 1.471 0.001
90 3.191 0.001
5 -1.504 0.001
30 -0.991 0.001
45 0 0.001
70 1.384 0.001
90 3.008 0.001
5 -1.613 0.001
30 -1.057 0.001
45 0 0.001
70 1.471 0.001
90 3.19 0.001
5 -1.311 0.001
30 -0.96 0.001
45 0 0.001
70 1.446 0.001
90 3.218 0.001
5 -1.358 0.001
30 -1.013 0.001
45 0 0.001
70 1.543 0.001
90 3.442 0.001
5 -1.362 0.001
30 -0.984 0.001
45 0 0.001
70 1.469 0.001
90 3.256 0.001
5 -1.858 0.001
30 -1.174 0.001
45 0 0.001
70 1.584 0.001
90 3.393 0.001
5 -1.499 0.001
30 -0.964 0.001
45 0 0.001
70 1.322 0.001
90 2.845 0.001
5 -1.597 0.001
30 -1.002 0.001
45 0 0.001
70 1.344 0.001
90 2.869 0.001
5 -1.133 0.001
30 -0.821 0.001
45 0 0.001
70 1.227 0.001
90 2.71 0.001
5 -1.006 0.001
30 -0.768 0.001
45 0 0.001
70 1.188 0.001
90 2.645 0.001
5 -0.599 0.001
30 -0.508 0.001
45 0 0.001
70 0.833 0.001
90 1.884 0.001
5 -0.304 0.001
30 -0.251 0.001
45 0 0.001
70 0.405 0.001
90 0.909 0.001
5 0.375 0.001
30 0.156 0.001
45 0 0.001
70 -0.119 0.001
90 -0.192 0.001
5 1.002 0.001
30 0.542 0.001
45 0 0.001
70 -0.628 0.001
90 -1.273 0.001
5 2.036 0.001
30 1.089 0.001
45 0 0.001
70 -1.245 0.001
90 -2.503 0.001
5 2.569 0.001
30 1.398 0.001
45 0 0.001
70 -1.628 0.001
90 -3.298 0.001
5 2.48 0.001
30 1.36 0.001
45 0 0.001
70 -1.6 0.001
90 -3.253 0.001
5 1.987 0.001
30 1.16 0.001
45 0 0.001
70 -1.457 0.001
90 -3.041 0.001
5 2.067 0.001
30 1.187 0.001
45 0 0.001
70 -1.468 0.001
90 -3.042 0.001
5 2.249 0.001
30 1.322 0.001
45 0 0.001
70 -1.671 0.001
90 -3.492 0.001
5 2.747 0.001
30 1.517 0.001
45 0 0.001
70 -1.799 0.001
90 -3.664 0.001
5 2.97 0.001
30 1.63 0.001
45 0 0.001
70 -1.92 0.001
90 -3.897 0.001
5 2.721 0.001
30 1.495 0.001
45 0 0.001
70 -1.763 0.001
90 -3.581 0.001
5 2.243 0.001
30 1.284 0.001
45 0 0.001
70 -1.584 0.001
90 -3.276 0.001
5 1.884 0.001
30 1.105 0.001
45 0 0.001
70 -1.397 0.001
90 -2.916 0.001
5 1.975 0.001
30 1.152 0.001
45 0 0.001
70 -1.447 0.001
90 -3.014 0.001
5 2.074 0.001
30 1.202 0.001
45 0 0.001
70 -1.501 0.001
90 -3.12 0.001
5 2.218 0.001
30 1.28 0.001
45 0 0.001
70 -1.591 0.001
90 -3.301 0.001
5 1.951 0.001
30 1.153 0.001
45 0 0.001
70 -1.467 0.001
90 -3.073 0.001
5 1.823 0.001
30 1.108 0.001
45 0 0.001
70 -1.447 0.001
90 -3.061 0.001
5 1.655 0.001
30 1.022 0.001
45 0 0.001
70 -1.354 0.001
90 -2.879 0.001
5 1.76 0.001
30 1.068 0.001
45 0 0.001
70 -1.391 0.001
90 -2.942 0.001
5 1.878 0.001
30 1.11 0.001
45 0 0.001
70 -1.41 0.001
90 -2.956 0.001
5 1.9 0.001
30 1.087 0.001
45 0 0.001
70 -1.337 0.001
90 -2.77 0.001
5 1.377 0.001
30 0.777 0.001
45 0 0.001
70 -0.942 0.001
90 -1.942 0.001
5 0.853 0.001
30 0.468 0.001
45 0 0.001
70 -0.55 0.001
90 -1.124 0.001
5 0.236 0.001
30 0.105 0.001
45 0 0.001
70 -0.09 0.001
90 -0.163 0.001
5 -0.303 0.001
30 -0.229 0.001
45 0 0.001
70 0.351 0.001
90 0.774 0.001
5 -0.776 0.001
30 -0.519 0.001
45 0 0.001
70 0.733 0.001
90 1.584 0.001
5 -1.249 0.001
30 -0.812 0.001
45 0 0.001
70 1.123 0.001
90 2.416 0.001
5 -1.603 0.001
30 -0.988 0.001
45 0 0.001
70 1.306 0.001
90 2.768 0.001
5 -1.811 0.001
30 -1.081 0.001
45 0 0.001
70 1.387 0.001
90 2.912 0.001
5 -1.905 0.001
30 -1.12 0.001
45 0 0.001
70 1.417 0.001
90 2.964 0.001
5 -1.922 0.001
30 -1.154 0.001
45 0 0.001
70 1.489 0.001
90 3.14 0.001
5 -1.759 0.001
30 -1.091 0.001
45 0 0.001
70 1.45 0.001
90 3.093 0.001
5 -1.683 0.001
30 -1.089 0.001
45 0 0.001
70 1.499 0.001
90 3.24 0.001
5 -1.656 0.001
30 -1.061 0.001
45 0 0.001
70 1.449 0.001
90 3.125 0.001
5 -1.667 0.001
30 -1.056 0.001
45 0 0.001
70 1.43 0.001
90 3.074 0.001
5 -1.669 0.001
30 -1.047 0.001
45 0 0.001
70 1.405 0.001
90 3.012 0.001
5 -1.668 0.001
30 -1.057 0.001
45 0 0.001
70 1.429 0.001
90 3.074 0.001
5 -1.658 0.001
30 -1.061 0.001
45 0 0.001
70 1.449 0.001
90 3.125 0.001
5 -1.686 0.001
30 -1.09 0.001
45 0 0.001
70 1.5 0.001
90 3.241 0.001
5 -1.763 0.001
30 -1.092 0.001
45 0 0.001
70 1.451 0.001
90 3.095 0.001
5 -1.926 0.001
30 -1.156 0.001
45 0 0.001
70 1.491 0.001
90 3.144 0.001
5 -1.91 0.001
30 -1.122 0.001
45 0 0.001
70 1.42 0.001
90 2.969 0.001
5 -1.817 0.001
30 -1.084 0.001
45 0 0.001
70 1.39 0.001
90 2.919 0.001
5 -1.61 0.001
30 -0.992 0.001
45 0 0.001
70 1.31 0.001
90 2.777 0.001
5 -1.256 0.001
30 -0.816 0.001
45 0 0.001
70 1.128 0.001
90 2.425 0.001
5 -0.785 0.001
30 -0.523 0.001
45 0 0.001
70 0.738 0.001
90 1.594 0.001
5 -0.312 0.001
30 -0.233 0.001
45 0 0.001
70 0.356 0.001
90 0.785 0.001
5 0.227 0.001
30 0.1 0.001
45 0 0.001
70 -0.085 0.001
90 -0.153 0.001
5 0.843 0.001
30 0.463 0.001
45 0 0.001
70 -0.545 0.001
90 -1.113 0.001
5 1.367 0.001
30 0.772 0.001
45 0 0.001
70 -0.936 0.001
90 -1.932 0.001
5 1.891 0.001
30 1.082 0.001
45 0 0.001
70 -1.332 0.001
90 -2.76 0.001
5 1.871 0.001
30 1.106 0.001
45 0 0.001
70 -1.405 0.001
90 -2.947 0.001
5 1.753 0.001
30 1.064 0.001
45 0 0.001
70 -1.388 0.001
90 -2.936 0.001
5 1.651 0.001
30 1.02 0.001
45 0 0.001
70 -1.352 0.001
90 -2.875 0.001
5 1.821 0.001
30 1.108 0.001
45 0 0.001
70 -1.446 0.001
90 -3.06 0.001
5 1.95 0.001
30 1.153 0.001
45 0 0.001
70 -1.467 0.001
90 -3.072 0.001
5 2.218 0.001
30 1.28 0.001
45 0 0.001
70 -1.591 0.001
90 -3.302 0.001
5 2.075 0.001
30 1.203 0.001
45 0 0.001
70 -1.502 0.001
90 -3.121 0.001
5 1.976 0.001
30 1.153 0.001
45 0 0.001
70 -1.448 0.001
90 -3.016 0.001
5 1.514 0.001
30 0.893 0.001
45 0 0.001
70 -1.133 0.001
90 -2.369 0.001
5 1.729 0.001
30 0.989 0.001
45 0 0.001
70 -1.217 0.001
90 -2.514 0.001
5 1.602 0.001
30 0.934 0.001
45 0 0.001
70 -1.172 0.001
90 -2.441 0.001
5 1.921 0.001
30 1.083 0.001
45 0 0.001
70 -1.314 0.001
90 -2.699 0.001
5 1.711 0.001
30 0.993 0.001
45 0 0.001
70 -1.242 0.001
90 -2.582 0.001
5 2.139 0.001
30 1.194 0.001
45 0 0.001
70 -1.433 0.001
90 -2.932 0.001
5 1.711 0.001
30 0.999 0.001
45 0 0.001
70 -1.257 0.001
90 -2.621 0.001
5 2.031 0.001
30 1.146 0.001
45 0 0.001
70 -1.393 0.001
90 -2.865 0.001
5 1.421 0.001
30 0.865 0.001
45 0 0.001
70 -1.131 0.001
90 -2.393 0.001
5 1.634 0.001
30 0.968 0.001
45 0 0.001
70 -1.235 0.001
90 -2.59 0.001
5 1.283 0.001
30 0.818 0.001
45 0 0.001
70 -1.114 0.001
90 -2.391 0.001
5 1.318 0.001
30 0.828 0.001
45 0 0.001
70 -1.112 0.001
90 -2.377 0.001
5 1.064 0.001
30 0.713 0.001
45 0 0.001
70 -1.01 0.001
90 -2.198 0.001
5 1.374 0.001
30 0.86 0.001
45 0 0.001
70 -1.151 0.001
90 -2.459 0.001
5 1.329 0.001
30 0.838 0.001
45 0 0.001
70 -1.13 0.001
90 -2.42 0.001
5 1.746 0.001
30 1.027 0.001
45 0 0.001
70 -1.3 0.001
90 -2.721 0.001
5 1.563 0.001
30 0.944 0.001
45 0 0.001
70 -1.225 0.001
90 -2.59 0.001
5 2.067 0.001
30 1.154 0.001
45 0 0.001
70 -1.385 0.001
90 -2.84 0.001
5 1.634 0.001
30 0.94 0.001
45 0 0.001
70 -1.164 0.001
90 -2.419 0.001
5 1.885 0.001
30 1.02 0.001
45 0 0.001
70 -1.183 0.001
90 -2.394 0.001
5 1.319 0.001
30 0.738 0.001
45 0 0.001
70 -0.888 0.001
90 -1.828 0.001
5 1.334 0.001
30 0.708 0.001
45 0 0.001
70 -0.802 0.001
90 -1.61 0.001
5 0.841 0.001
30 0.456 0.001
45 0 0.001
70 -0.528 0.001
90 -1.073 0.001
5 0.694 0.001
30 0.345 0.001
45 0 0.001
70 -0.358 0.001
90 -0.696 0.001
5 0.248 0.001
30 0.111 0.001
45 0 0.001
70 -0.098 0.001
90 -0.179 0.001
5 0.127 0.001
30 0.005 0.001
45 0 0.001
70 0.08 0.001
90 0.226 0.001
5 -0.243 0.001
30 -0.194 0.001
45 0 0.001
70 0.308 0.001
90 0.684 0.001
5 -0.329 0.001
30 -0.288 0.001
45 0 0.001
70 0.48 0.001
90 1.086 0.001
5 -0.707 0.001
30 -0.473 0.001
45 0 0.001
70 0.67 0.001
90 1.449 0.001
5 -0.722 0.001
30 -0.541 0.001
45 0 0.001
70 0.828 0.001
90 1.836 0.001
5 -1.158 0.001
30 -0.733 0.001
45 0 0.001
70 0.99 0.001
90 2.112 0.001
5 -1.156 0.001
30 -0.779 0.001
45 0 0.001
70 1.107 0.001
90 2.404 0.001
5 -1.573 0.001
30 -0.934 0.001
45 0 0.001
70 1.192 0.001
90 2.496 0.001
5 -1.518 0.001
30 -0.927 0.001
45 0 0.001
70 1.215 0.001
90 2.569 0.001
5 -1.734 0.001
30 -0.99 0.001
45 0 0.001
70 1.216 0.001
90 2.51 0.001
5 -1.735 0.001
30 -0.998 0.001
45 0 0.001
70 1.235 0.001
90 2.56 0.001
5 -1.847 0.001
30 -1.021 0.001
45 0 0.001
70 1.212 0.001
90 2.472 0.001
5 -1.725 0.001
30 -0.992 0.001
45 0 0.001
70 1.227 0.001
90 2.547 0.001
5 -1.797 0.001
30 -1.028 0.001
45 0 0.001
70 1.266 0.001
90 2.624 0.001
5 -1.558 0.001
30 -0.951 0.001
45 0 0.001
70 1.245 0.001
90 2.644 0.001
5 -1.609 0.001
30 -0.954 0.001
45 0 0.001
70 1.217 0.001
90 2.56 0.001
5 -1.352 0.001
30 -0.9 0.001
45 0 0.001
70 1.267 0.001
90 2.759 0.001
5 -1.495 0.001
30 -0.937 0.001
45 0 0.001
70 1.255 0.001
90 2.69 0.001
5 -1.289 0.001
30 -0.886 0.001
45 0 0.001
70 1.278 0.001
90 2.806 0.001
5 -1.448 0.001
30 -0.917 0.001
45 0 0.001
70 1.24 0.001
90 2.667 0.001
5 -1.303 0.001
30 -0.869 0.001
45 0 0.001
70 1.227 0.001
90 2.677 0.001
5 -1.422 0.001
30 -0.893 0.001
45 0 0.001
70 1.199 0.001
90 2.574 0.001
5 -1.338 0.001
30 -0.865 0.001
45 0 0.001
70 1.192 0.001
90 2.581 0.001
5 -1.456 0.001
30 -0.9 0.001
45 0 0.001
70 1.192 0.001
90 2.548 0.001
5 -1.339 0.001
30 -0.866 0.001
45 0 0.001
70 1.192 0.001
90 2.58 0.001
5 -1.423 0.001
30 -0.893 0.001
45 0 0.001
70 1.199 0.001
90 2.574 0.001
5 -1.305 0.001
30 -0.87 0.001
45 0 0.001
70 1.227 0.001
90 2.677 0.001
5 -1.451 0.001
30 -0.918 0.001
45 0 0.001
70 1.24 0.001
90 2.668 0.001
5 -1.293 0.001
30 -0.887 0.001
45 0 0.001
70 1.278 0.001
90 2.807 0.001
5 -1.499 0.001
30 -0.938 0.001
45 0 0.001
70 1.257 0.001
90 2.692 0.001
5 -1.356 0.001
30 -0.901 0.001
45 0 0.001
70 1.268 0.001
90 2.761 0.001
5 -1.612 0.001
30 -0.955 0.001
45 0 0.001
70 1.218 0.001
90 2.562 0.001
5 -1.562 0.001
30 -0.952 0.001
45 0 0.001
70 1.247 0.001
90 2.647 0.001
5 -1.801 0.001
30 -1.03 0.001
45 0 0.001
70 1.268 0.001
90 2.627 0.001
5 -1.73 0.001
30 -0.994 0.001
45 0 0.001
70 1.23 0.001
90 2.551 0.001
5 -1.852 0.001
30 -1.023 0.001
45 0 0.001
70 1.215 0.001
90 2.477 0.001
5 -1.74 0.001
30 -1 0.001
45 0 0.001
70 1.238 0.001
90 2.566 0.001
5 -1.739 0.001
30 -0.992 0.001
45 0 0.001
70 1.219 0.001
90 2.517 0.001
5 -1.524 0.001
30 -0.93 0.001
45 0 0.001
70 1.219 0.001
90 2.576 0.001
5 -1.579 0.001
30 -0.937 0.001
45 0 0.001
70 1.196 0.001
90 2.504 0.001
5 -1.163 0.001
30 -0.783 0.001
45 0 0.001
70 1.112 0.001
90 2.413 0.001
5 -1.166 0.001
30 -0.736 0.001
45 0 0.001
70 0.994 0.001
90 2.121 0.001
5 -0.729 0.001
30 -0.545 0.001
45 0 0.001
70 0.833 0.001
90 1.845 0.001
5 -0.714 0.001
30 -0.477 0.001
45 0 0.001
70 0.675 0.001
90 1.458 0.001
5 -0.336 0.001
30 -0.292 0.001
45 0 0.001
70 0.485 0.001
90 1.095 0.001
5 -0.251 0.001
30 -0.198 0.001
45 0 0.001
70 0.312 0.001
90 0.693 0.001
5 0.119 0.001
30 0.001 0.001
45 0 0.001
70 0.084 0.001
90 0.234 0.001
5 0.239 0.001
30 0.107 0.001
45 0 0.001
70 -0.093 0.001
90 -0.17 0.001
5 0.685 0.001
30 0.34 0.001
45 0 0.001
70 -0.354 0.001
90 -0.687 0.001
5 0.832 0.001
30 0.451 0.001
45 0 0.001
70 -0.523 0.001
90 -1.064 0.001
5 1.324 0.001
30 0.703 0.001
45 0 0.001
70 -0.797 0.001
90 -1.6 0.001
5 1.309 0.001
30 0.734 0.001
45 0 0.001
70 -0.883 0.001
90 -1.818 0.001
5 1.875 0.001
30 1.015 0.001
45 0 0.001
70 -1.178 0.001
90 -2.384 0.001
5 1.624 0.001
30 0.935 0.001
45 0 0.001
70 -1.159 0.001
90 -2.409 0.001
5 2.058 0.001
30 1.15 0.001
45 0 0.001
70 -1.38 0.001
90 -2.83 0.001
5 1.555 0.001
30 0.94 0.001
45 0 0.001
70 -1.221 0.001
90 -2.581 0.001
5 1.738 0.001
30 1.023 0.001
45 0 0.001
70 -1.296 0.001
90 -2.713 0.001
5 1.323 0.001
30 0.835 0.001
45 0 0.001
70 -1.126 0.001
90 -2.413 0.001
5 1.369 0.001
30 0.857 0.001
45 0 0.001
70 -1.148 0.001
90 -2.453 0.001
5 1.06 0.001
30 0.711 0.001
45 0 0.001
70 -1.008 0.001
90 -2.194 0.001
5 1.316 0.001
30 0.826 0.001
45 0 0.001
70 -1.111 0.001
90 -2.375 0.001
5 1.282 0.001
30 0.818 0.001
45 0 0.001
70 -1.113 0.001
90 -2.39 0.001
5 1.633 0.001
30 0.968 0.001
45 0 0.001
70 -1.235 0.001
90 -2.59 0.001
5 1.421 0.001
30 0.865 0.001
45 0 0.001
70 -1.131 0.001
90 -2.393 0.001
5 2.031 0.001
30 1.147 0.001
45 0 0.001
70 -1.394 0.001
90 -2.866 0.001
5 1.712 0.001
30 1 0.001
45 0 0.001
70 -1.258 0.001
90 -2.622 0.001
5 2.141 0.001
30 1.195 0.001
45 0 0.001
70 -1.434 0.001
90 -2.934 0.001
5 1.712 0.001
30 0.994 0.001
45 0 0.001
70 -1.243 0.001
90 -2.583 0.001
5 1.922 0.001
30 1.084 0.001
45 0 0.001
70 -1.315 0.001
90 -2.701 0.001
5 1.604 0.001
30 0.935 0.001
45 0 0.001
70 -1.173 0.001
90 -2.443 0.001
5 1.73 0.001
30 0.989 0.001
45 0 0.001
70 -1.217 0.001
90 -2.515 0.001
5 1.142 0.001
30 0.688 0.001
45 0 0.001
70 -0.893 0.001
90 -1.88 0.001
5 1.155 0.001
30 0.701 0.001
45 0 0.001
70 -0.914 0.001
90 -1.929 0.001
5 1.179 0.001
30 0.704 0.001
45 0 0.001
70 -0.905 0.001
90 -1.901 0.001
5 1.207 0.001
30 0.731 0.001
45 0 0.001
70 -0.951 0.001
90 -2.007 0.001
5 1.228 0.001
30 0.74 0.001
45 0 0.001
70 -0.958 0.001
90 -2.018 0.001
5 1.218 0.001
30 0.746 0.001
45 0 0.001
70 -0.98 0.001
90 -2.076 0.001
5 1.147 0.001
30 0.707 0.001
45 0 0.001
70 -0.936 0.001
90 -1.986 0.001
5 0.992 0.001
30 0.644 0.001
45 0 0.001
70 -0.889 0.001
90 -1.917 0.001
5 0.791 0.001
30 0.545 0.001
45 0 0.001
70 -0.79 0.001
90 -1.728 0.001
5 0.576 0.001
30 0.451 0.001
45 0 0.001
70 -0.71 0.001
90 -1.594 0.001
5 0.462 0.001
30 0.404 0.001
45 0 0.001
70 -0.673 0.001
90 -1.535 0.001
5 0.388 0.001
30 0.377 0.001
45 0 0.001
70 -0.66 0.001
90 -1.525 0.001
5 0.326 0.001
30 0.346 0.001
45 0 0.001
70 -0.627 0.001
90 -1.463 0.001
5 0.512 0.001
30 0.447 0.001
45 0 0.001
70 -0.746 0.001
90 -1.705 0.001
5 0.673 0.001
30 0.522 0.001
45 0 0.001
70 -0.814 0.001
90 -1.827 0.001
5 0.925 0.001
30 0.651 0.001
45 0 0.001
70 -0.955 0.001
90 -2.105 0.001
5 1.098 0.001
30 0.713 0.001
45 0 0.001
70 -0.984 0.001
90 -2.127 0.001
5 1.257 0.001
30 0.781 0.001
45 0 0.001
70 -1.039 0.001
90 -2.218 0.001
5 1.324 0.001
30 0.787 0.001
45 0 0.001
70 -1.006 0.001
90 -2.117 0.001
5 1.234 0.001
30 0.723 0.001
45 0 0.001
70 -0.911 0.001
90 -1.907 0.001
5 1.103 0.001
30 0.629 0.001
45 0 0.001
70 -0.772 0.001
90 -1.602 0.001
5 0.915 0.001
30 0.518 0.001
45 0 0.001
70 -0.631 0.001
90 -1.308 0.001
5 0.754 0.001
30 0.412 0.001
45 0 0.001
70 -0.483 0.001
90 -0.987 0.001
5 0.471 0.001
30 0.253 0.001
45 0 0.001
70 -0.289 0.001
90 -0.59 0.001
5 0.237 0.001
30 0.109 0.001
45 0 0.001
70 -0.1 0.001
90 -0.189 0.001
5 -0.041 0.001
30 -0.053 0.001
45 0 0.001
70 0.102 0.001
90 0.23 0.001
5 -0.238 0.001
30 -0.179 0.001
45 0 0.001
70 0.274 0.001
90 0.601 0.001
5 -0.512 0.001
30 -0.331 0.001
45 0 0.001
70 0.455 0.001
90 0.971 0.001
5 -0.703 0.001
30 -0.444 0.001
45 0 0.001
70 0.6 0.001
90 1.276 0.001
5 -0.989 0.001
30 -0.601 0.001
45 0 0.001
70 0.785 0.001
90 1.651 0.001
5 -1.192 0.001
30 -0.712 0.001
45 0 0.001
70 0.915 0.001
90 1.915 0.001
5 -1.472 0.001
30 -0.846 0.001
45 0 0.001
70 1.046 0.001
90 2.161 0.001
5 -1.613 0.001
30 -0.899 0.001
45 0 0.001
70 1.077 0.001
90 2.198 0.001
5 -1.861 0.001
30 -1.006 0.001
45 0 0.001
70 1.166 0.001
90 2.349 0.001
5 -1.869 0.001
30 -0.983 0.001
45 0 0.001
70 1.102 0.001
90 2.188 0.001
5 -1.956 0.001
30 -1.01 0.001
45 0 0.001
70 1.108 0.001
90 2.181 0.001
5 -1.909 0.001
30 -0.968 0.001
45 0 0.001
70 1.036 0.001
90 2.017 0.001
5 -1.907 0.001
30 -0.978 0.001
45 0 0.001
70 1.062 0.001
90 2.085 0.001
5 -1.811 0.001
30 -0.942 0.001
45 0 0.001
70 1.042 0.001
90 2.064 0.001
5 -1.73 0.001
30 -0.918 0.001
45 0 0.001
70 1.04 0.001
90 2.084 0.001
5 -1.598 0.001
30 -0.88 0.001
45 0 0.001
70 1.041 0.001
90 2.125 0.001
5 -1.559 0.001
30 -0.888 0.001
45 0 0.001
70 1.089 0.001
90 2.258 0.001
5 -1.423 0.001
30 -0.841 0.001
45 0 0.001
70 1.068 0.001
90 2.248 0.001
5 -1.441 0.001
30 -0.861 0.001
45 0 0.001
70 1.107 0.001
90 2.34 0.001
5 -1.347 0.001
30 -0.817 0.001
45 0 0.001
70 1.065 0.001
90 2.262 0.001
5 -1.364 0.001
30 -0.825 0.001
45 0 0.001
70 1.073 0.001
90 2.278 0.001
5 -1.261 0.001
30 -0.771 0.001
45 0 0.001
70 1.011 0.001
90 2.155 0.001
5 -1.336 0.001
30 -0.807 0.001
45 0 0.001
70 1.047 0.001
90 2.222 0.001
5 -1.289 0.001
30 -0.781 0.001
45 0 0.001
70 1.017 0.001
90 2.161 0.001
5 -1.337 0.001
30 -0.807 0.001
45 0 0.001
70 1.047 0.001
90 2.222 0.001
5 -1.263 0.001
30 -0.771 0.001
45 0 0.001
70 1.011 0.001
90 2.154 0.001
5 -1.366 0.001
30 -0.826 0.001
45 0 0.001
70 1.073 0.001
90 2.278 0.001
5 -1.35 0.001
30 -0.818 0.001
45 0 0.001
70 1.065 0.001
90 2.263 0.001
5 -1.444 0.001
30 -0.863 0.001
45 0 0.001
70 1.108 0.001
90 2.341 0.001
5 -1.427 0.001
30 -0.842 0.001
45 0 0.001
70 1.07 0.001
90 2.25 0.001
5 -1.563 0.001
30 -0.89 0.001
45 0 0.001
70 1.09 0.001
90 2.26 0.001
5 -1.602 0.001
30 -0.881 0.001
45 0 0.001
70 1.042 0.001
90 2.128 0.001
5 -1.734 0.001
30 -0.919 0.001
45 0 0.001
70 1.041 0.001
90 2.087 0.001
5 -1.815 0.001
30 -0.944 0.001
45 0 0.001
70 1.043 0.001
90 2.067 0.001
5 -1.911 0.001
30 -0.98 0.001
45 0 0.001
70 1.064 0.001
90 2.089 0.001
5 -1.913 0.001
30 -0.97 0.001
45 0 0.001
70 1.038 0.001
90 2.022 0.001
5 -1.96 0.001
30 -1.013 0.001
45 0 0.001
70 1.111 0.001
90 2.187 0.001
5 -1.874 0.001
30 -0.985 0.001
45 0 0.001
70 1.105 0.001
90 2.195 0.001
5 -1.866 0.001
30 -1.009 0.001
45 0 0.001
70 1.169 0.001
90 2.356 0.001
5 -1.618 0.001
30 -0.902 0.001
45 0 0.001
70 1.081 0.001
90 2.206 0.001
5 -1.478 0.001
30 -0.849 0.001
45 0 0.001
70 1.05 0.001
90 2.169 0.001
5 -1.198 0.001
30 -0.715 0.001
45 0 0.001
70 0.919 0.001
90 1.924 0.001
5 -0.995 0.001
30 -0.605 0.001
45 0 0.001
70 0.789 0.001
90 1.659 0.001
5 -0.709 0.001
30 -0.448 0.001
45 0 0.001
70 0.604 0.001
90 1.284 0.001
5 -0.518 0.001
30 -0.334 0.001
45 0 0.001
70 0.459 0.001
90 0.978 0.001
5 -0.245 0.001
30 -0.182 0.001
45 0 0.001
70 0.278 0.001
90 0.609 0.001
5 -0.048 0.001
30 -0.056 0.001
45 0 0.001
70 0.105 0.001
90 0.237 0.001
5 0.23 0.001
30 0.105 0.001
45 0 0.001
70 -0.096 0.001
90 -0.182 0.001
5 0.463 0.001
30 0.249 0.001
45 0 0.001
70 -0.285 0.001
90 -0.583 0.001
5 0.746 0.001
30 0.408 0.001
45 0 0.001
70 -0.479 0.001
90 -0.979 0.001
5 0.906 0.001
30 0.514 0.001
45 0 0.001
70 -0.627 0.001
90 -1.3 0.001
5 1.093 0.001
30 0.624 0.001
45 0 0.001
70 -0.767 0.001
90 -1.593 0.001
5 1.224 0.001
30 0.718 0.001
45 0 0.001
70 -0.906 0.001
90 -1.898 0.001
5 1.315 0.001
30 0.783 0.001
45 0 0.001
70 -1.001 0.001
90 -2.108 0.001
5 1.248 0.001
30 0.777 0.001
45 0 0.001
70 -1.034 0.001
90 -2.208 0.001
5 1.089 0.001
30 0.709 0.001
45 0 0.001
70 -0.98 0.001
90 -2.118 0.001
5 0.918 0.001
30 0.648 0.001
45 0 0.001
70 -0.952 0.001
90 -2.098 0.001
5 0.668 0.001
30 0.519 0.001
45 0 0.001
70 -0.811 0.001
90 -1.821 0.001
5 0.507 0.001
30 0.445 0.001
45 0 0.001
70 -0.744 0.001
90 -1.7 0.001
5 0.323 0.001
30 0.345 0.001
45 0 0.001
70 -0.626 0.001
90 -1.46 0.001
5 0.386 0.001
30 0.376 0.001
45 0 0.001
70 -0.659 0.001
90 -1.524 0.001
5 0.462 0.001
30 0.404 0.001
45 0 0.001
70 -0.673 0.001
90 -1.535 0.001
5 0.576 0.001
30 0.452 0.001
45 0 0.001
70 -0.711 0.001
90 -1.595 0.001
5 0.792 0.001
30 0.546 0.001
45 0 0.001
70 -0.79 0.001
90 -1.73 0.001
5 0.993 0.001
30 0.645 0.001
45 0 0.001
70 -0.89 0.001
90 -1.918 0.001
5 1.149 0.001
30 0.708 0.001
45 0 0.001
70 -0.937 0.001
90 -1.987 0.001
5 1.22 0.001
30 0.747 0.001
45 0 0.001
70 -0.981 0.001
90 -2.078 0.001
5 1.231 0.001
30 0.741 0.001
45 0 0.001
70 -0.959 0.001
90 -2.02 0.001
5 1.209 0.001
30 0.732 0.001
45 0 0.001
70 -0.953 0.001
90 -2.009 0.001
5 1.181 0.001
30 0.705 0.001
45 0 0.001
70 -0.906 0.001
90 -1.903 0.001
5 1.156 0.001
30 0.701 0.001
45 0 0.001
70 -0.914 0.001
90 -1.93 0.001
5 0.857 0.001
30 0.492 0.001
45 0 0.001
70 -0.609 0.001
90 -1.257 0.001
5 0.986 0.001
30 0.561 0.001
45 0 0.001
70 -0.688 0.001
90 -1.416 0.001
5 0.864 0.001
30 0.494 0.001
45 0 0.001
70 -0.608 0.001
90 -1.253 0.001
5 1.05 0.001
30 0.598 0.001
45 0 0.001
70 -0.735 0.001
90 -1.514 0.001
5 0.906 0.001
30 0.529 0.001
45 0 0.001
70 -0.665 0.001
90 -1.383 0.001
5 1.083 0.001
30 0.626 0.001
45 0 0.001
70 -0.779 0.001
90 -1.616 0.001
5 0.752 0.001
30 0.464 0.001
45 0 0.001
70 -0.614 0.001
90 -1.301 0.001
5 0.818 0.001
30 0.507 0.001
45 0 0.001
70 -0.674 0.001
90 -1.433 0.001
5 0.349 0.001
30 0.281 0.001
45 0 0.001
70 -0.449 0.001
90 -1.011 0.001
5 0.236 0.001
30 0.233 0.001
45 0 0.001
70 -0.412 0.001
90 -0.953 0.001
5 -0.186 0.001
30 0.044 0.001
45 0 0.001
70 -0.245 0.001
90 -0.662 0.001
5 -0.087 0.001
30 0.091 0.001
45 0 0.001
70 -0.291 0.001
90 -0.748 0.001
5 -0.387 0.001
30 -0.051 0.001
45 0 0.001
70 -0.152 0.001
90 -0.49 0.001
5 0.187 0.001
30 0.255 0.001
45 0 0.001
70 -0.502 0.001
90 -1.192 0.001
5 0.245 0.001
30 0.294 0.001
45 0 0.001
70 -0.557 0.001
90 -1.312 0.001
5 0.819 0.001
30 0.569 0.001
45 0 0.001
70 -0.826 0.001
90 -1.814 0.001
5 0.885 0.001
30 0.575 0.001
45 0 0.001
70 -0.795 0.001
90 -1.72 0.001
5 1.337 0.001
30 0.781 0.001
45 0 0.001
70 -0.983 0.001
90 -2.054 0.001
5 1.232 0.001
30 0.71 0.001
45 0 0.001
70 -0.88 0.001
90 -1.832 0.001
5 1.394 0.001
30 0.762 0.001
45 0 0.001
70 -0.893 0.001
90 -1.817 0.001
5 1.132 0.001
30 0.611 0.001
45 0 0.001
70 -0.707 0.001
90 -1.434 0.001
5 1.109 0.001
30 0.578 0.001
45 0 0.001
70 -0.641 0.001
90 -1.276 0.001
5 0.876 0.001
30 0.447 0.001
45 0 0.001
70 -0.481 0.001
90 -0.948 0.001
5 0.718 0.001
30 0.346 0.001
45 0 0.001
70 -0.343 0.001
90 -0.652 0.001
5 0.446 0.001
30 0.193 0.001
45 0 0.001
70 -0.159 0.001
90 -0.276 0.001
5 0.258 0.001
30 0.073 0.001
45 0 0.001
70 0.004 0.001
90 0.074 0.001
5 0.015 0.001
30 -0.062 0.001
45 0 0.001
70 0.165 0.001
90 0.404 0.001
5 -0.165 0.001
30 -0.175 0.001
45 0 0.001
70 0.316 0.001
90 0.725 0.001
5 -0.41 0.001
30 -0.297 0.001
45 0 0.001
70 0.444 0.001
90 0.973 0.001
5 -0.617 0.001
30 -0.429 0.001
45 0 0.001
70 0.623 0.001
90 1.357 0.001
5 -0.918 0.001
30 -0.561 0.001
45 0 0.001
70 0.736 0.001
90 1.55 0.001
5 -1.115 0.001
30 -0.673 0.001
45 0 0.001
70 0.873 0.001
90 1.834 0.001
5 -1.345 0.001
30 -0.738 0.001
45 0 0.001
70 0.87 0.001
90 1.762 0.001
5 -1.592 0.001
30 -0.859 0.001
45 0 0.001
70 0.993 0.001
90 1.996 0.001
5 -1.756 0.001
30 -0.878 0.001
45 0 0.001
70 0.923 0.001
90 1.777 0.001
5 -1.697 0.001
30 -0.844 0.001
45 0 0.001
70 0.881 0.001
90 1.693 0.001
5 -1.595 0.001
30 -0.728 0.001
45 0 0.001
70 0.665 0.001
90 1.189 0.001
5 -1.506 0.001
30 -0.722 0.001
45 0 0.001
70 0.715 0.001
90 1.339 0.001
5 -1.521 0.001
30 -0.724 0.001
45 0 0.001
70 0.708 0.001
90 1.32 0.001
5 -1.303 0.001
30 -0.667 0.001
45 0 0.001
70 0.724 0.001
90 1.423 0.001
5 -1.213 0.001
30 -0.64 0.001
45 0 0.001
70 0.72 0.001
90 1.443 0.001
5 -1.09 0.001
30 -0.639 0.001
45 0 0.001
70 0.806 0.001
90 1.691 0.001
5 -1.002 0.001
30 -0.59 0.001
45 0 0.001
70 0.748 0.001
90 1.574 0.001
5 -0.941 0.001
30 -0.602 0.001
45 0 0.001
70 0.823 0.001
90 1.78 0.001
5 -0.88 0.001
30 -0.553 0.001
45 0 0.001
70 0.744 0.001
90 1.602 0.001
5 -0.846 0.001
30 -0.556 0.001
45 0 0.001
70 0.775 0.001
90 1.689 0.001
5 -0.762 0.001
30 -0.492 0.001
45 0 0.001
70 0.677 0.001
90 1.471 0.001
5 -0.807 0.001
30 -0.53 0.001
45 0 0.001
70 0.74 0.001
90 1.615 0.001
5 -0.778 0.001
30 -0.501 0.001
45 0 0.001
70 0.686 0.001
90 1.49 0.001
5 -0.808 0.001
30 -0.531 0.001
45 0 0.001
70 0.74 0.001
90 1.615 0.001
5 -0.764 0.001
30 -0.493 0.001
45 0 0.001
70 0.677 0.001
90 1.471 0.001
5 -0.849 0.001
30 -0.557 0.001
45 0 0.001
70 0.775 0.001
90 1.689 0.001
5 -0.883 0.001
30 -0.554 0.001
45 0 0.001
70 0.745 0.001
90 1.603 0.001
5 -0.944 0.001
30 -0.604 0.001
45 0 0.001
70 0.824 0.001
90 1.781 0.001
5 -1.006 0.001
30 -0.591 0.001
45 0 0.001
70 0.749 0.001
90 1.576 0.001
5 -1.094 0.001
30 -0.64 0.001
45 0 0.001
70 0.807 0.001
90 1.693 0.001
5 -1.216 0.001
30 -0.641 0.001
45 0 0.001
70 0.722 0.001
90 1.445 0.001
5 -1.306 0.001
30 -0.669 0.001
45 0 0.001
70 0.725 0.001
90 1.426 0.001
5 -1.524 0.001
30 -0.725 0.001
45 0 0.001
70 0.71 0.001
90 1.323 0.001
5 -1.509 0.001
30 -0.724 0.001
45 0 0.001
70 0.716 0.001
90 1.343 0.001
5 -1.599 0.001
30 -0.73 0.001
45 0 0.001
70 0.667 0.001
90 1.194 0.001
5 -1.7 0.001
30 -0.846 0.001
45 0 0.001
70 0.884 0.001
90 1.698 0.001
5 -1.759 0.001
30 -0.88 0.001
45 0 0.001
70 0.925 0.001
90 1.783 0.001
5 -1.596 0.001
30 -0.861 0.001
45 0 0.001
70 0.996 0.001
90 2.003 0.001
5 -1.349 0.001
30 -0.741 0.001
45 0 0.001
70 0.873 0.001
90 1.769 0.001
5 -1.12 0.001
30 -0.676 0.001
45 0 0.001
70 0.876 0.001
90 1.841 0.001
5 -0.922 0.001
30 -0.563 0.001
45 0 0.001
70 0.739 0.001
90 1.557 0.001
5 -0.621 0.001
30 -0.431 0.001
45 0 0.001
70 0.627 0.001
90 1.364 0.001
5 -0.414 0.001
30 -0.299 0.001
45 0 0.001
70 0.447 0.001
90 0.979 0.001
5 -0.169 0.001
30 -0.177 0.001
45 0 0.001
70 0.319 0.001
90 0.731 0.001
5 0.011 0.001
30 -0.064 0.001
45 0 0.001
70 0.168 0.001
90 0.409 0.001
5 0.253 0.001
30 0.071 0.001
45 0 0.001
70 0.006 0.001
90 0.079 0.001
5 0.44 0.001
30 0.191 0.001
45 0 0.001
70 -0.157 0.001
90 -0.272 0.001
5 0.712 0.001
30 0.343 0.001
45 0 0.001
70 -0.34 0.001
90 -0.647 0.001
5 0.869 0.001
30 0.443 0.001
45 0 0.001
70 -0.478 0.001
90 -0.942 0.001
5 1.101 0.001
30 0.574 0.001
45 0 0.001
70 -0.637 0.001
90 -1.269 0.001
5 1.123 0.001
30 0.607 0.001
45 0 0.001
70 -0.703 0.001
90 -1.426 0.001
5 1.385 0.001
30 0.758 0.001
45 0 0.001
70 -0.889 0.001
90 -1.809 0.001
5 1.223 0.001
30 0.706 0.001
45 0 0.001
70 -0.876 0.001
90 -1.824 0.001
5 1.328 0.001
30 0.777 0.001
45 0 0.001
70 -0.978 0.001
90 -2.045 0.001
5 0.877 0.001
30 0.571 0.001
45 0 0.001
70 -0.791 0.001
90 -1.712 0.001
5 0.812 0.001
30 0.565 0.001
45 0 0.001
70 -0.822 0.001
90 -1.807 0.001
5 0.24 0.001
30 0.292 0.001
45 0 0.001
70 -0.554 0.001
90 -1.307 0.001
5 0.183 0.001
30 0.254 0.001
45 0 0.001
70 -0.5 0.001
90 -1.189 0.001
5 -0.389 0.001
30 -0.052 0.001
45 0 0.001
70 -0.151 0.001
90 -0.488 0.001
5 -0.087 0.001
30 0.091 0.001
45 0 0.001
70 -0.291 0.001
90 -0.748 0.001
5 -0.184 0.001
30 0.045 0.001
45 0 0.001
70 -0.246 0.001
90 -0.663 0.001
5 0.238 0.001
30 0.234 0.001
45 0 0.001
70 -0.413 0.001
90 -0.954 0.001
5 0.352 0.001
30 0.282 0.001
45 0 0.001
70 -0.45 0.001
90 -1.014 0.001
5 0.822 0.001
30 0.509 0.001
45 0 0.001
70 -0.676 0.001
90 -1.436 0.001
5 0.756 0.001
30 0.465 0.001
45 0 0.001
70 -0.615 0.001
90 -1.304 0.001
5 1.086 0.001
30 0.628 0.001
45 0 0.001
70 -0.781 0.001
90 -1.619 0.001
5 0.909 0.001
30 0.53 0.001
45 0 0.001
70 -0.666 0.001
90 -1.386 0.001
5 1.053 0.001
30 0.6 0.001
45 0 0.001
70 -0.736 0.001
90 -1.516 0.001
5 0.867 0.001
30 0.495 0.001
45 0 0.001
70 -0.609 0.001
90 -1.256 0.001
5 0.987 0.001
30 0.562 0.001
45 0 0.001
70 -0.689 0.001
90 -1.417 0.001
5 0.494 0.001
30 0.28 0.001
45 0 0.001
70 -0.341 0.001
90 -0.696 0.001
5 0.439 0.001
30 0.27 0.001
45 0 0.001
70 -0.357 0.001
90 -0.751 0.001
5 0.472 0.001
30 0.267 0.001
45 0 0.001
70 -0.324 0.001
90 -0.662 0.001
5 0.445 0.001
30 0.281 0.001
45 0 0.001
70 -0.379 0.001
90 -0.806 0.001
5 0.463 0.001
30 0.281 0.001
45 0 0.001
70 -0.366 0.001
90 -0.769 0.001
5 0.366 0.001
30 0.257 0.001
45 0 0.001
70 -0.377 0.001
90 -0.824 0.001
5 0.224 0.001
30 0.176 0.001
45 0 0.001
70 -0.276 0.001
90 -0.617 0.001
5 0.012 0.001
30 0.097 0.001
45 0 0.001
70 -0.234 0.001
90 -0.573 0.001
5 -0.232 0.001
30 -0.029 0.001
45 0 0.001
70 -0.095 0.001
90 -0.301 0.001
5 -0.594 0.001
30 -0.185 0.001
45 0 0.001
70 0.031 0.001
90 -0.093 0.001
5 -0.785 0.001
30 -0.276 0.001
45 0 0.001
70 0.12 0.001
90 0.07 0.001
5 -1.164 0.001
30 -0.449 0.001
45 0 0.001
70 0.28 0.001
90 0.356 0.001
5 -1.347 0.001
30 -0.546 0.001
45 0 0.001
70 0.389 0.001
90 0.572 0.001
5 -0.867 0.001
30 -0.277 0.001
45 0 0.001
70 0.065 0.001
90 -0.092 0.001
5 -0.316 0.001
30 -0.011 0.001
45 0 0.001
70 -0.2 0.001
90 -0.591 0.001
5 0.129 0.001
30 0.227 0.001
45 0 0.001
70 -0.472 0.001
90 -1.135 0.001
5 0.498 0.001
30 0.372 0.001
45 0 0.001
70 -0.567 0.001
90 -1.265 0.001
5 0.786 0.001
30 0.515 0.001
45 0 0.001
70 -0.716 0.001
90 -1.553 0.001
5 0.976 0.001
30 0.571 0.001
45 0 0.001
70 -0.719 0.001
90 -1.507 0.001
5 0.997 0.001
30 0.571 0.001
45 0 0.001
70 -0.703 0.001
90 -1.462 0.001
5 1.011 0.001
30 0.539 0.001
45 0 0.001
70 -0.615 0.001
90 -1.239 0.001
5 0.883 0.001
30 0.471 0.001
45 0 0.001
70 -0.536 0.001
90 -1.082 0.001
5 0.874 0.001
30 0.435 0.001
45 0 0.001
70 -0.453 0.001
90 -0.881 0.001
5 0.604 0.001
30 0.296 0.001
45 0 0.001
70 -0.302 0.001
90 -0.584 0.001
5 0.518 0.001
30 0.224 0.001
45 0 0.001
70 -0.183 0.001
90 -0.315 0.001
5 0.203 0.001
30 0.06 0.001
45 0 0.001
70 -0.004 0.001
90 0.039 0.001
5 0.127 0.001
30 -0.003 0.001
45 0 0.001
70 0.099 0.001
90 0.272 0.001
5 -0.207 0.001
30 -0.169 0.001
45 0 0.001
70 0.271 0.001
90 0.601 0.001
5 -0.295 0.001
30 -0.223 0.001
45 0 0.001
70 0.344 0.001
90 0.758 0.001
5 -0.681 0.001
30 -0.416 0.001
45 0 0.001
70 0.545 0.001
90 1.143 0.001
5 -0.818 0.001
30 -0.481 0.001
45 0 0.001
70 0.608 0.001
90 1.262 0.001
5 -1.201 0.001
30 -0.654 0.001
45 0 0.001
70 0.764 0.001
90 1.539 0.001
5 -1.255 0.001
30 -0.65 0.001
45 0 0.001
70 0.714 0.001
90 1.4 0.001
5 -1.638 0.001
30 -0.804 0.001
45 0 0.001
70 0.824 0.001
90 1.565 0.001
5 -1.561 0.001
30 -0.716 0.001
45 0 0.001
70 0.66 0.001
90 1.181 0.001
5 -1.702 0.001
30 -0.728 0.001
45 0 0.001
70 0.587 0.001
90 0.962 0.001
5 -1.507 0.001
30 -0.576 0.001
45 0 0.001
70 0.351 0.001
90 0.435 0.001
5 -1.525 0.001
30 -0.613 0.001
45 0 0.001
70 0.429 0.001
90 0.625 0.001
5 -1.345 0.001
30 -0.572 0.001
45 0 0.001
70 0.457 0.001
90 0.747 0.001
5 -1.281 0.001
30 -0.568 0.001
45 0 0.001
70 0.492 0.001
90 0.855 0.001
5 -1.024 0.001
30 -0.485 0.001
45 0 0.001
70 0.472 0.001
90 0.881 0.001
5 -1.025 0.001
30 -0.521 0.001
45 0 0.001
70 0.56 0.001
90 1.101 0.001
5 -0.761 0.001
30 -0.417 0.001
45 0 0.001
70 0.491 0.001
90 1.006 0.001
5 -0.827 0.001
30 -0.473 0.001
45 0 0.001
70 0.582 0.001
90 1.215 0.001
5 -0.6 0.001
30 -0.372 0.001
45 0 0.001
70 0.495 0.001
90 1.066 0.001
5 -0.675 0.001
30 -0.412 0.001
45 0 0.001
70 0.539 0.001
90 1.153 0.001
5 -0.433 0.001
30 -0.293 0.001
45 0 0.001
70 0.418 0.001
90 0.925 0.001
5 -0.604 0.001
30 -0.378 0.001
45 0 0.001
70 0.506 0.001
90 1.093 0.001
5 -0.446 0.001
30 -0.304 0.001
45 0 0.001
70 0.435 0.001
90 0.964 0.001
5 -0.605 0.001
30 -0.378 0.001
45 0 0.001
70 0.506 0.001
90 1.093 0.001
5 -0.434 0.001
30 -0.294 0.001
45 0 0.001
70 0.418 0.001
90 0.925 0.001
5 -0.677 0.001
30 -0.412 0.001
45 0 0.001
70 0.539 0.001
90 1.153 0.001
5 -0.604 0.001
30 -0.374 0.001
45 0 0.001
70 0.496 0.001
90 1.066 0.001
5 -0.83 0.001
30 -0.474 0.001
45 0 0.001
70 0.583 0.001
90 1.215 0.001
5 -0.764 0.001
30 -0.418 0.001
45 0 0.001
70 0.492 0.001
90 1.008 0.001
5 -1.028 0.001
30 -0.523 0.001
45 0 0.001
70 0.561 0.001
90 1.102 0.001
5 -1.027 0.001
30 -0.486 0.001
45 0 0.001
70 0.473 0.001
90 0.882 0.001
5 -1.284 0.001
30 -0.569 0.001
45 0 0.001
70 0.493 0.001
90 0.857 0.001
5 -1.348 0.001
30 -0.573 0.001
45 0 0.001
70 0.458 0.001
90 0.749 0.001
5 -1.528 0.001
30 -0.614 0.001
45 0 0.001
70 0.431 0.001
90 0.628 0.001
5 -1.51 0.001
30 -0.578 0.001
45 0 0.001
70 0.353 0.001
90 0.439 0.001
5 -1.704 0.001
30 -0.729 0.001
45 0 0.001
70 0.589 0.001
90 0.966 0.001
5 -1.563 0.001
30 -0.717 0.001
45 0 0.001
70 0.662 0.001
90 1.186 0.001
5 -1.64 0.001
30 -0.806 0.001
45 0 0.001
70 0.827 0.001
90 1.571 0.001
5 -1.257 0.001
30 -0.651 0.001
45 0 0.001
70 0.716 0.001
90 1.406 0.001
5 -1.203 0.001
30 -0.656 0.001
45 0 0.001
70 0.767 0.001
90 1.545 0.001
5 -0.82 0.001
30 -0.482 0.001
45 0 0.001
70 0.61 0.001
90 1.267 0.001
5 -0.683 0.001
30 -0.417 0.001
45 0 0.001
70 0.547 0.001
90 1.147 0.001
5 -0.296 0.001
30 -0.225 0.001
45 0 0.001
70 0.346 0.001
90 0.762 0.001
5 -0.209 0.001
30 -0.17 0.001
45 0 0.001
70 0.273 0.001
90 0.605 0.001
5 0.125 0.001
30 -0.004 0.001
45 0 0.001
70 0.101 0.001
90 0.274 0.001
5 0.2 0.001
30 0.059 0.001
45 0 0.001
70 -0.002 0.001
90 0.041 0.001
5 0.515 0.001
30 0.222 0.001
45 0 0.001
70 -0.182 0.001
90 -0.313 0.001
5 0.599 0.001
30 0.294 0.001
45 0 0.001
70 -0.3 0.001
90 -0.581 0.001
5 0.868 0.001
30 0.432 0.001
45 0 0.001
70 -0.451 0.001
90 -0.877 0.001
5 0.876 0.001
30 0.468 0.001
45 0 0.001
70 -0.533 0.001
90 -1.077 0.001
5 1.004 0.001
30 0.536 0.001
45 0 0.001
70 -0.612 0.001
90 -1.234 0.001
5 0.989 0.001
30 0.567 0.001
45 0 0.001
70 -0.7 0.001
90 -1.455 0.001
5 0.968 0.001
30 0.568 0.001
45 0 0.001
70 -0.716 0.001
90 -1.5 0.001
5 0.778 0.001
30 0.511 0.001
45 0 0.001
70 -0.712 0.001
90 -1.546 0.001
5 0.491 0.001
30 0.368 0.001
45 0 0.001
70 -0.564 0.001
90 -1.259 0.001
5 0.124 0.001
30 0.224 0.001
45 0 0.001
70 -0.469 0.001
90 -1.129 0.001
5 -0.32 0.001
30 -0.013 0.001
45 0 0.001
70 -0.198 0.001
90 -0.587 0.001
5 -0.869 0.001
30 -0.278 0.001
45 0 0.001
70 0.066 0.001
90 -0.09 0.001
5 -1.348 0.001
30 -0.547 0.001
45 0 0.001
70 0.389 0.001
90 0.573 0.001
5 -1.163 0.001
30 -0.449 0.001
45 0 0.001
70 0.279 0.001
90 0.355 0.001
5 -0.782 0.001
30 -0.274 0.001
45 0 0.001
70 0.119 0.001
90 0.068 0.001
5 -0.59 0.001
30 -0.183 0.001
45 0 0.001
70 0.03 0.001
90 -0.096 0.001
5 -0.228 0.001
30 -0.027 0.001
45 0 0.001
70 -0.097 0.001
90 -0.304 0.001
5 0.016 0.001
30 0.099 0.001
45 0 0.001
70 -0.236 0.001
90 -0.577 0.001
5 0.229 0.001
30 0.178 0.001
45 0 0.001
70 -0.279 0.001
90 -0.62 0.001
5 0.371 0.001
30 0.259 0.001
45 0 0.001
70 -0.379 0.001
90 -0.828 0.001
5 0.468 0.001
30 0.283 0.001
45 0 0.001
70 -0.368 0.001
90 -0.773 0.001
5 0.449 0.001
30 0.283 0.001
45 0 0.001
70 -0.381 0.001
90 -0.809 0.001
5 0.476 0.001
30 0.268 0.001
45 0 0.001
70 -0.326 0.001
90 -0.665 0.001
5 0.441 0.001
30 0.271 0.001
45 0 0.001
70 -0.357 0.001
90 -0.753 0.001
5 0.256 0.001
30 0.094 0.001
45 0 0.001
70 -0.049 0.001
90 -0.04 0.001
5 0.307 0.001
30 0.142 0.001
45 0 0.001
70 -0.132 0.001
90 -0.231 0.001
5 0.209 0.001
30 0.069 0.001
45 0 0.001
70 -0.022 0.001
90 0.014 0.001
5 0.291 0.001
30 0.144 0.001
45 0 0.001
70 -0.148 0.001
90 -0.276 0.001
5 0.157 0.001
30 0.065 0.001
45 0 0.001
70 -0.05 0.001
90 -0.071 0.001
5 0.189 0.001
30 0.111 0.001
45 0 0.001
70 -0.141 0.001
90 -0.288 0.001
5 -0.136 0.001
30 -0.063 0.001
45 0 0.001
70 0.059 0.001
90 0.112 0.001
5 -0.206 0.001
30 -0.066 0.001
45 0 0.001
70 0.015 0.001
90 -0.018 0.001
5 -0.628 0.001
30 -0.282 0.001
45 0 0.001
70 0.248 0.001
90 0.437 0.001
5 -0.87 0.001
30 -0.374 0.001
45 0 0.001
70 0.305 0.001
90 0.506 0.001
5 -1.184 0.001
30 -0.527 0.001
45 0 0.001
70 0.458 0.001
90 0.794 0.001
5 -1.46 0.001
30 -0.65 0.001
45 0 0.001
70 0.565 0.001
90 0.978 0.001
5 -2.15 0.001
30 -0.998 0.001
45 0 0.001
70 0.935 0.001
90 1.696 0.001
5 -1.077 0.001
30 -0.425 0.001
45 0 0.001
70 0.281 0.001
90 0.384 0.001
5 -0.577 0.001
30 -0.183 0.001
45 0 0.001
70 0.041 0.001
90 -0.067 0.001
5 0.048 0.001
30 0.147 0.001
45 0 0.001
70 -0.331 0.001
90 -0.809 0.001
5 0.33 0.001
30 0.244 0.001
45 0 0.001
70 -0.372 0.001
90 -0.829 0.001
5 0.812 0.001
30 0.482 0.001
45 0 0.001
70 -0.616 0.001
90 -1.298 0.001
5 0.939 0.001
30 0.511 0.001
45 0 0.001
70 -0.596 0.001
90 -1.211 0.001
5 1.136 0.001
30 0.595 0.001
45 0 0.001
70 -0.663 0.001
90 -1.322 0.001
5 1.106 0.001
30 0.546 0.001
45 0 0.001
70 -0.563 0.001
90 -1.084 0.001
5 1.112 0.001
30 0.542 0.001
45 0 0.001
70 -0.549 0.001
90 -1.049 0.001
5 1.091 0.001
30 0.506 0.001
45 0 0.001
70 -0.475 0.001
90 -0.871 0.001
5 0.92 0.001
30 0.416 0.001
45 0 0.001
70 -0.372 0.001
90 -0.667 0.001
5 0.828 0.001
30 0.348 0.001
45 0 0.001
70 -0.269 0.001
90 -0.438 0.001
5 0.579 0.001
30 0.217 0.001
45 0 0.001
70 -0.123 0.001
90 -0.148 0.001
5 0.488 0.001
30 0.157 0.001
45 0 0.001
70 -0.039 0.001
90 0.032 0.001
5 0.204 0.001
30 0.015 0.001
45 0 0.001
70 0.11 0.001
90 0.319 0.001
5 0.091 0.001
30 -0.038 0.001
45 0 0.001
70 0.16 0.001
90 0.41 0.001
5 -0.253 0.001
30 -0.214 0.001
45 0 0.001
70 0.351 0.001
90 0.785 0.001
5 -0.426 0.001
30 -0.278 0.001
45 0 0.001
70 0.386 0.001
90 0.822 0.001
5 -0.775 0.001
30 -0.442 0.001
45 0 0.001
70 0.543 0.001
90 1.113 0.001
5 -0.859 0.001
30 -0.431 0.001
45 0 0.001
70 0.455 0.001
90 0.872 0.001
5 -1.26 0.001
30 -0.607 0.001
45 0 0.001
70 0.604 0.001
90 1.128 0.001
5 -1.171 0.001
30 -0.492 0.001
45 0 0.001
70 0.383 0.001
90 0.607 0.001
5 -1.297 0.001
30 -0.503 0.001
45 0 0.001
70 0.321 0.001
90 0.418 0.001
5 -1.095 0.001
30 -0.279 0.001
45 0 0.001
70 -0.092 0.001
90 -0.543 0.001
5 -1.041 0.001
30 -0.34 0.001
45 0 0.001
70 0.097 0.001
90 -0.059 0.001
5 -0.865 0.001
30 -0.29 0.001
45 0 0.001
70 0.1 0.001
90 0.001 0.001
5 -0.781 0.001
30 -0.292 0.001
45 0 0.001
70 0.165 0.001
90 0.188 0.001
5 -0.503 0.001
30 -0.186 0.001
45 0 0.001
70 0.101 0.001
90 0.111 0.001
5 -0.485 0.001
30 -0.234 0.001
45 0 0.001
70 0.235 0.001
90 0.45 0.001
5 -0.186 0.001
30 -0.096 0.001
45 0 0.001
70 0.106 0.001
90 0.219 0.001
5 -0.241 0.001
30 -0.17 0.001
45 0 0.001
70 0.249 0.001
90 0.558 0.001
5 0.021 0.001
30 -0.036 0.001
45 0 0.001
70 0.105 0.001
90 0.279 0.001
5 -0.055 0.001
30 -0.095 0.001
45 0 0.001
70 0.197 0.001
90 0.485 0.001
5 0.228 0.001
30 0.057 0.001
45 0 0.001
70 0.022 0.001
90 0.135 0.001
5 0.038 0.001
30 -0.053 0.001
45 0 0.001
70 0.16 0.001
90 0.421 0.001
5 0.227 0.001
30 0.049 0.001
45 0 0.001
70 0.041 0.001
90 0.181 0.001
5 0.037 0.001
30 -0.054 0.001
45 0 0.001
70 0.16 0.001
90 0.421 0.001
5 0.226 0.001
30 0.056 0.001
45 0 0.001
70 0.022 0.001
90 0.134 0.001
5 -0.058 0.001
30 -0.096 0.001
45 0 0.001
70 0.197 0.001
90 0.485 0.001
5 0.018 0.001
30 -0.037 0.001
45 0 0.001
70 0.106 0.001
90 0.279 0.001
5 -0.245 0.001
30 -0.171 0.001
45 0 0.001
70 0.249 0.001
90 0.558 0.001
5 -0.189 0.001
30 -0.098 0.001
45 0 0.001
70 0.107 0.001
90 0.22 0.001
5 -0.488 0.001
30 -0.236 0.001
45 0 0.001
70 0.236 0.001
90 0.451 0.001
5 -0.506 0.001
30 -0.187 0.001
45 0 0.001
70 0.102 0.001
90 0.112 0.001
5 -0.784 0.001
30 -0.293 0.001
45 0 0.001
70 0.166 0.001
90 0.189 0.001
5 -0.866 0.001
30 -0.29 0.001
45 0 0.001
70 0.101 0.001
90 0.003 0.001
5 -1.042 0.001
30 -0.34 0.001
45 0 0.001
70 0.098 0.001
90 -0.057 0.001
5 -1.096 0.001
30 -0.28 0.001
45 0 0.001
70 -0.09 0.001
90 -0.54 0.001
5 -1.298 0.001
30 -0.504 0.001
45 0 0.001
70 0.322 0.001
90 0.421 0.001
5 -1.171 0.001
30 -0.493 0.001
45 0 0.001
70 0.384 0.001
90 0.61 0.001
5 -1.26 0.001
30 -0.608 0.001
45 0 0.001
70 0.606 0.001
90 1.132 0.001
5 -0.859 0.001
30 -0.431 0.001
45 0 0.001
70 0.456 0.001
90 0.875 0.001
5 -0.775 0.001
30 -0.443 0.001
45 0 0.001
70 0.545 0.001
90 1.117 0.001
5 -0.426 0.001
30 -0.278 0.001
45 0 0.001
70 0.387 0.001
90 0.825 0.001
5 -0.253 0.001
30 -0.214 0.001
45 0 0.001
70 0.352 0.001
90 0.787 0.001
5 0.092 0.001
30 -0.038 0.001
45 0 0.001
70 0.16 0.001
90 0.412 0.001
5 0.205 0.001
30 0.015 0.001
45 0 0.001
70 0.11 0.001
90 0.32 0.001
5 0.488 0.001
30 0.157 0.001
45 0 0.001
70 -0.039 0.001
90 0.032 0.001
5 0.579 0.001
30 0.217 0.001
45 0 0.001
70 -0.123 0.001
90 -0.149 0.001
5 0.828 0.001
30 0.348 0.001
45 0 0.001
70 -0.269 0.001
90 -0.439 0.001
5 0.918 0.001
30 0.415 0.001
45 0 0.001
70 -0.372 0.001
90 -0.667 0.001
5 1.087 0.001
30 0.505 0.001
45 0 0.001
70 -0.474 0.001
90 -0.87 0.001
5 1.107 0.001
30 0.54 0.001
45 0 0.001
70 -0.548 0.001
90 -1.046 0.001
5 1.1 0.001
30 0.543 0.001
45 0 0.001
70 -0.561 0.001
90 -1.081 0.001
5 1.129 0.001
30 0.592 0.001
45 0 0.001
70 -0.66 0.001
90 -1.317 0.001
5 0.933 0.001
30 0.508 0.001
45 0 0.001
70 -0.593 0.001
90 -1.206 0.001
5 0.805 0.001
30 0.479 0.001
45 0 0.001
70 -0.614 0.001
90 -1.292 0.001
5 0.324 0.001
30 0.242 0.001
45 0 0.001
70 -0.369 0.001
90 -0.825 0.001
5 0.044 0.001
30 0.145 0.001
45 0 0.001
70 -0.329 0.001
90 -0.805 0.001
5 -0.579 0.001
30 -0.185 0.001
45 0 0.001
70 0.042 0.001
90 -0.065 0.001
5 -1.078 0.001
30 -0.425 0.001
45 0 0.001
70 0.282 0.001
90 0.385 0.001
5 -2.149 0.001
30 -0.998 0.001
45 0 0.001
70 0.935 0.001
90 1.694 0.001
5 -1.458 0.001
30 -0.648 0.001
45 0 0.001
70 0.563 0.001
90 0.975 0.001
5 -1.18 0.001
30 -0.525 0.001
45 0 0.001
70 0.456 0.001
90 0.79 0.001
5 -0.865 0.001
30 -0.372 0.001
45 0 0.001
70 0.302 0.001
90 0.501 0.001
5 -0.623 0.001
30 -0.279 0.001
45 0 0.001
70 0.246 0.001
90 0.432 0.001
5 -0.2 0.001
30 -0.063 0.001
45 0 0.001
70 0.012 0.001
90 -0.023 0.001
5 -0.13 0.001
30 -0.06 0.001
45 0 0.001
70 0.056 0.001
90 0.107 0.001
5 0.195 0.001
30 0.114 0.001
45 0 0.001
70 -0.144 0.001
90 -0.293 0.001
5 0.163 0.001
30 0.068 0.001
45 0 0.001
70 -0.052 0.001
90 -0.076 0.001
5 0.296 0.001
30 0.146 0.001
45 0 0.001
70 -0.15 0.001
90 -0.28 0.001
5 0.213 0.001
30 0.071 0.001
45 0 0.001
70 -0.024 0.001
90 0.01 0.001
5 0.309 0.001
30 0.143 0.001
45 0 0.001
70 -0.133 0.001
90 -0.233 0.001
5 -0.195 0.001
30 -0.177 0.001
45 0 0.001
70 0.301 0.001
90 0.7 0.001
5 -0.346 0.001
30 -0.212 0.001
45 0 0.001
70 0.279 0.001
90 0.602 0.001
5 -0.27 0.001
30 -0.214 0.001
45 0 0.001
70 0.34 0.001
90 0.775 0.001
5 -0.429 0.001
30 -0.241 0.001
45 0 0.001
70 0.291 0.001
90 0.607 0.001
5 -0.417 0.001
30 -0.261 0.001
45 0 0.001
70 0.351 0.001
90 0.758 0.001
5 -0.646 0.001
30 -0.325 0.001
45 0 0.001
70 0.346 0.001
90 0.678 0.001
5 -0.813 0.001
30 -0.436 0.001
45 0 0.001
70 0.501 0.001
90 1.014 0.001
5 -1.116 0.001
30 -0.535 0.001
45 0 0.001
70 0.529 0.001
90 0.995 0.001
5 -1.337 0.001
30 -0.666 0.001
45 0 0.001
70 0.696 0.001
90 1.344 0.001
5 -1.755 0.001
30 -0.825 0.001
45 0 0.001
70 0.791 0.001
90 1.457 0.001
5 -1.831 0.001
30 -0.875 0.001
45 0 0.001
70 0.859 0.001
90 1.602 0.001
5 -2.278 0.001
30 -1.057 0.001
45 0 0.001
70 0.991 0.001
90 1.801 0.001
5 -2.259 0.001
30 -1.068 0.001
45 0 0.001
70 1.031 0.001
90 1.902 0.001
5 -2.002 0.001
30 -0.91 0.001
45 0 0.001
70 0.824 0.001
90 1.464 0.001
5 -1.188 0.001
30 -0.522 0.001
45 0 0.001
70 0.445 0.001
90 0.758 0.001
5 -0.733 0.001
30 -0.255 0.001
45 0 0.001
70 0.106 0.001
90 0.049 0.001
5 -0.156 0.001
30 -0.018 0.001
45 0 0.001
70 -0.067 0.001
90 -0.215 0.001
5 0.183 0.001
30 0.169 0.001
45 0 0.001
70 -0.29 0.001
90 -0.669 0.001
5 0.598 0.001
30 0.323 0.001
45 0 0.001
70 -0.375 0.001
90 -0.762 0.001
5 0.685 0.001
30 0.372 0.001
45 0 0.001
70 -0.433 0.001
90 -0.882 0.001
5 0.957 0.001
30 0.454 0.001
45 0 0.001
70 -0.442 0.001
90 -0.826 0.001
5 0.861 0.001
30 0.419 0.001
45 0 0.001
70 -0.422 0.001
90 -0.807 0.001
5 1.113 0.001
30 0.5 0.001
45 0 0.001
70 -0.444 0.001
90 -0.789 0.001
5 0.813 0.001
30 0.367 0.001
45 0 0.001
70 -0.328 0.001
90 -0.59 0.001
5 0.952 0.001
30 0.399 0.001
45 0 0.001
70 -0.307 0.001
90 -0.497 0.001
5 0.553 0.001
30 0.218 0.001
45 0 0.001
70 -0.144 0.001
90 -0.208 0.001
5 0.667 0.001
30 0.247 0.001
45 0 0.001
70 -0.133 0.001
90 -0.15 0.001
5 0.206 0.001
30 0.045 0.001
45 0 0.001
70 0.036 0.001
90 0.137 0.001
5 0.271 0.001
30 0.071 0.001
45 0 0.001
70 0.019 0.001
90 0.114 0.001
5 -0.261 0.001
30 -0.167 0.001
45 0 0.001
70 0.229 0.001
90 0.48 0.001
5 -0.255 0.001
30 -0.154 0.001
45 0 0.001
70 0.199 0.001
90 0.41 0.001
5 -0.777 0.001
30 -0.374 0.001
45 0 0.001
70 0.371 0.001
90 0.686 0.001
5 -0.667 0.001
30 -0.281 0.001
45 0 0.001
70 0.22 0.001
90 0.343 0.001
5 -1.172 0.001
30 -0.476 0.001
45 0 0.001
70 0.342 0.001
90 0.502 0.001
5 -0.876 0.001
30 -0.276 0.001
45 0 0.001
70 0.057 0.001
90 -0.116 0.001
5 -1.112 0.001
30 -0.308 0.001
45 0 0.001
70 -0.033 0.001
90 -0.407 0.001
5 -0.88 0.001
30 -0.166 0.001
45 0 0.001
70 -0.218 0.001
90 -0.795 0.001
5 -1.025 0.001
30 -0.247 0.001
45 0 0.001
70 -0.121 0.001
90 -0.595 0.001
5 -0.609 0.001
30 -0.097 0.001
45 0 0.001
70 -0.197 0.001
90 -0.661 0.001
5 -0.676 0.001
30 -0.148 0.001
45 0 0.001
70 -0.117 0.001
90 -0.481 0.001
5 -0.187 0.001
30 0.043 0.001
45 0 0.001
70 -0.242 0.001
90 -0.648 0.001
5 -0.315 0.001
30 -0.057 0.001
45 0 0.001
70 -0.084 0.001
90 -0.293 0.001
5 0.184 0.001
30 0.154 0.001
45 0 0.001
70 -0.252 0.001
90 -0.562 0.001
5 -0.011 0.001
30 0.027 0.001
45 0 0.001
70 -0.077 0.001
90 -0.184 0.001
5 0.455 0.001
30 0.233 0.001
45 0 0.001
70 -0.252 0.001
90 -0.483 0.001
5 0.24 0.001
30 0.12 0.001
45 0 0.001
70 -0.126 0.001
90 -0.231 0.001
5 0.716 0.001
30 0.341 0.001
45 0 0.001
70 -0.334 0.001
90 -0.608 0.001
5 0.369 0.001
30 0.171 0.001
45 0 0.001
70 -0.161 0.001
90 -0.279 0.001
5 0.73 0.001
30 0.337 0.001
45 0 0.001
70 -0.314 0.001
90 -0.555 0.001
5 0.368 0.001
30 0.171 0.001
45 0 0.001
70 -0.161 0.001
90 -0.279 0.001
5 0.715 0.001
30 0.341 0.001
45 0 0.001
70 -0.334 0.001
90 -0.609 0.001
5 0.238 0.001
30 0.119 0.001
45 0 0.001
70 -0.126 0.001
90 -0.232 0.001
5 0.452 0.001
30 0.232 0.001
45 0 0.001
70 -0.252 0.001
90 -0.484 0.001
5 -0.014 0.001
30 0.026 0.001
45 0 0.001
70 -0.076 0.001
90 -0.184 0.001
5 0.181 0.001
30 0.153 0.001
45 0 0.001
70 -0.251 0.001
90 -0.562 0.001
5 -0.318 0.001
30 -0.058 0.001
45 0 0.001
70 -0.084 0.001
90 -0.293 0.001
5 -0.189 0.001
30 0.042 0.001
45 0 0.001
70 -0.242 0.001
90 -0.648 0.001
5 -0.677 0.001
30 -0.149 0.001
45 0 0.001
70 -0.117 0.001
90 -0.481 0.001
5 -0.609 0.001
30 -0.097 0.001
45 0 0.001
70 -0.197 0.001
90 -0.661 0.001
5 -1.025 0.001
30 -0.248 0.001
45 0 0.001
70 -0.12 0.001
90 -0.594 0.001
5 -0.879 0.001
30 -0.166 0.001
45 0 0.001
70 -0.217 0.001
90 -0.793 0.001
5 -1.111 0.001
30 -0.308 0.001
45 0 0.001
70 -0.033 0.001
90 -0.406 0.001
5 -0.874 0.001
30 -0.276 0.001
45 0 0.001
70 0.058 0.001
90 -0.115 0.001
5 -1.17 0.001
30 -0.476 0.001
45 0 0.001
70 0.343 0.001
90 0.504 0.001
5 -0.665 0.001
30 -0.28 0.001
45 0 0.001
70 0.22 0.001
90 0.345 0.001
5 -0.775 0.001
30 -0.373 0.001
45 0 0.001
70 0.371 0.001
90 0.687 0.001
5 -0.252 0.001
30 -0.153 0.001
45 0 0.001
70 0.199 0.001
90 0.41 0.001
5 -0.258 0.001
30 -0.166 0.001
45 0 0.001
70 0.228 0.001
90 0.48 0.001
5 0.275 0.001
30 0.072 0.001
45 0 0.001
70 0.018 0.001
90 0.113 0.001
5 0.209 0.001
30 0.047 0.001
45 0 0.001
70 0.035 0.001
90 0.134 0.001
5 0.67 0.001
30 0.248 0.001
45 0 0.001
70 -0.135 0.001
90 -0.154 0.001
5 0.556 0.001
30 0.219 0.001
45 0 0.001
70 -0.145 0.001
90 -0.212 0.001
5 0.954 0.001
30 0.4 0.001
45 0 0.001
70 -0.309 0.001
90 -0.501 0.001
5 0.813 0.001
30 0.368 0.001
45 0 0.001
70 -0.33 0.001
90 -0.593 0.001
5 1.112 0.001
30 0.5 0.001
45 0 0.001
70 -0.445 0.001
90 -0.791 0.001
5 0.859 0.001
30 0.418 0.001
45 0 0.001
70 -0.422 0.001
90 -0.807 0.001
5 0.953 0.001
30 0.453 0.001
45 0 0.001
70 -0.441 0.001
90 -0.826 0.001
5 0.681 0.001
30 0.37 0.001
45 0 0.001
70 -0.432 0.001
90 -0.88 0.001
5 0.593 0.001
30 0.322 0.001
45 0 0.001
70 -0.374 0.001
90 -0.76 0.001
5 0.178 0.001
30 0.167 0.001
45 0 0.001
70 -0.288 0.001
90 -0.666 0.001
5 -0.159 0.001
30 -0.02 0.001
45 0 0.001
70 -0.066 0.001
90 -0.212 0.001
5 -0.736 0.001
30 -0.256 0.001
45 0 0.001
70 0.107 0.001
90 0.05 0.001
5 -1.189 0.001
30 -0.523 0.001
45 0 0.001
70 0.445 0.001
90 0.758 0.001
5 -2 0.001
30 -0.91 0.001
45 0 0.001
70 0.823 0.001
90 1.462 0.001
5 -2.257 0.001
30 -1.066 0.001
45 0 0.001
70 1.029 0.001
90 1.899 0.001
5 -2.273 0.001
30 -1.055 0.001
45 0 0.001
70 0.989 0.001
90 1.796 0.001
5 -1.825 0.001
30 -0.872 0.001
45 0 0.001
70 0.856 0.001
90 1.597 0.001
5 -1.748 0.001
30 -0.822 0.001
45 0 0.001
70 0.788 0.001
90 1.451 0.001
5 -1.329 0.001
30 -0.663 0.001
45 0 0.001
70 0.693 0.001
90 1.337 0.001
5 -1.109 0.001
30 -0.532 0.001
45 0 0.001
70 0.526 0.001
90 0.988 0.001
5 -0.805 0.001
30 -0.433 0.001
45 0 0.001
70 0.498 0.001
90 1.008 0.001
5 -0.638 0.001
30 -0.322 0.001
45 0 0.001
70 0.342 0.001
90 0.672 0.001
5 -0.41 0.001
30 -0.258 0.001
45 0 0.001
70 0.348 0.001
90 0.752 0.001
5 -0.423 0.001
30 -0.238 0.001
45 0 0.001
70 0.289 0.001
90 0.602 0.001
5 -0.265 0.001
30 -0.212 0.001
45 0 0.001
70 0.338 0.001
90 0.771 0.001
5 -0.344 0.001
30 -0.211 0.001
45 0 0.001
70 0.278 0.001
90 0.6 0.001
5 -0.384 0.001
30 -0.361 0.001
45 0 0.001
70 0.625 0.001
90 1.451 0.001
5 -0.449 0.001
30 -0.352 0.001
45 0 0.001
70 0.554 0.001
90 1.257 0.001
5 -0.486 0.001
30 -0.412 0.001
45 0 0.001
70 0.676 0.001
90 1.547 0.001
5 -0.578 0.001
30 -0.401 0.001
45 0 0.001
70 0.584 0.001
90 1.293 0.001
5 -0.696 0.001
30 -0.486 0.001
45 0 0.001
70 0.71 0.001
90 1.569 0.001
5 -0.857 0.001
30 -0.513 0.001
45 0 0.001
70 0.661 0.001
90 1.401 0.001
5 -1.158 0.001
30 -0.689 0.001
45 0 0.001
70 0.882 0.001
90 1.86 0.001
5 -1.372 0.001
30 -0.74 0.001
45 0 0.001
70 0.855 0.001
90 1.732 0.001
5 -1.702 0.001
30 -0.922 0.001
45 0 0.001
70 1.071 0.001
90 2.17 0.001
5 -1.994 0.001
30 -1.017 0.001
45 0 0.001
70 1.096 0.001
90 2.146 0.001
5 -2.133 0.001
30 -1.092 0.001
45 0 0.001
70 1.183 0.001
90 2.321 0.001
5 -2.431 0.001
30 -1.199 0.001
45 0 0.001
70 1.234 0.001
90 2.36 0.001
5 -2.486 0.001
30 -1.24 0.001
45 0 0.001
70 1.297 0.001
90 2.498 0.001
5 -2.111 0.001
30 -1.029 0.001
45 0 0.001
70 1.041 0.001
90 1.971 0.001
5 -1.342 0.001
30 -0.658 0.001
45 0 0.001
70 0.672 0.001
90 1.278 0.001
5 -0.774 0.001
30 -0.337 0.001
45 0 0.001
70 0.282 0.001
90 0.475 0.001
5 -0.24 0.001
30 -0.12 0.001
45 0 0.001
70 0.125 0.001
90 0.238 0.001
5 0.236 0.001
30 0.133 0.001
45 0 0.001
70 -0.161 0.001
90 -0.333 0.001
5 0.658 0.001
30 0.295 0.001
45 0 0.001
70 -0.261 0.001
90 -0.462 0.001
5 0.886 0.001
30 0.41 0.001
45 0 0.001
70 -0.384 0.001
90 -0.701 0.001
5 1.182 0.001
30 0.509 0.001
45 0 0.001
70 -0.417 0.001
90 -0.7 0.001
5 1.211 0.001
30 0.533 0.001
45 0 0.001
70 -0.455 0.001
90 -0.787 0.001
5 1.486 0.001
30 0.632 0.001
45 0 0.001
70 -0.504 0.001
90 -0.83 0.001
5 1.287 0.001
30 0.547 0.001
45 0 0.001
70 -0.436 0.001
90 -0.72 0.001
5 1.43 0.001
30 0.589 0.001
45 0 0.001
70 -0.436 0.001
90 -0.681 0.001
5 1.104 0.001
30 0.445 0.001
45 0 0.001
70 -0.312 0.001
90 -0.468 0.001
5 1.198 0.001
30 0.475 0.001
45 0 0.001
70 -0.319 0.001
90 -0.458 0.001
5 0.792 0.001
30 0.303 0.001
45 0 0.001
70 -0.184 0.001
90 -0.24 0.001
5 0.823 0.001
30 0.325 0.001
45 0 0.001
70 -0.217 0.001
90 -0.312 0.001
5 0.337 0.001
30 0.112 0.001
45 0 0.001
70 -0.036 0.001
90 -0.005 0.001
5 0.301 0.001
30 0.12 0.001
45 0 0.001
70 -0.082 0.001
90 -0.129 0.001
5 -0.173 0.001
30 -0.076 0.001
45 0 0.001
70 0.065 0.001
90 0.101 0.001
5 -0.102 0.001
30 0.012 0.001
45 0 0.001
70 -0.103 0.001
90 -0.294 0.001
5 -0.568 0.001
30 -0.171 0.001
45 0 0.001
70 0.016 0.001
90 -0.133 0.001
5 -0.307 0.001
30 0.024 0.001
45 0 0.001
70 -0.28 0.001
90 -0.79 0.001
5 -0.482 0.001
30 0.016 0.001
45 0 0.001
70 -0.386 0.001
90 -1.1 0.001
5 -0.294 0.001
30 0.147 0.001
45 0 0.001
70 -0.577 0.001
90 -1.517 0.001
5 -0.372 0.001
30 0.09 0.001
45 0 0.001
70 -0.492 0.001
90 -1.327 0.001
5 0.053 0.001
30 0.262 0.001
45 0 0.001
70 -0.612 0.001
90 -1.502 0.001
5 0.047 0.001
30 0.232 0.001
45 0 0.001
70 -0.543 0.001
90 -1.331 0.001
5 0.547 0.001
30 0.443 0.001
45 0 0.001
70 -0.708 0.001
90 -1.593 0.001
5 0.466 0.001
30 0.351 0.001
45 0 0.001
70 -0.54 0.001
90 -1.199 0.001
5 0.992 0.001
30 0.586 0.001
45 0 0.001
70 -0.745 0.001
90 -1.554 0.001
5 0.832 0.001
30 0.46 0.001
45 0 0.001
70 -0.547 0.001
90 -1.108 0.001
5 1.327 0.001
30 0.687 0.001
45 0 0.001
70 -0.756 0.001
90 -1.481 0.001
5 1.135 0.001
30 0.569 0.001
45 0 0.001
70 -0.602 0.001
90 -1.154 0.001
5 1.635 0.001
30 0.81 0.001
45 0 0.001
70 -0.842 0.001
90 -1.602 0.001
5 1.295 0.001
30 0.63 0.001
45 0 0.001
70 -0.638 0.001
90 -1.195 0.001
5 1.664 0.001
30 0.811 0.001
45 0 0.001
70 -0.821 0.001
90 -1.542 0.001
5 1.294 0.001
30 0.63 0.001
45 0 0.001
70 -0.638 0.001
90 -1.196 0.001
5 1.634 0.001
30 0.81 0.001
45 0 0.001
70 -0.842 0.001
90 -1.603 0.001
5 1.133 0.001
30 0.569 0.001
45 0 0.001
70 -0.602 0.001
90 -1.155 0.001
5 1.324 0.001
30 0.686 0.001
45 0 0.001
70 -0.756 0.001
90 -1.482 0.001
5 0.83 0.001
30 0.459 0.001
45 0 0.001
70 -0.547 0.001
90 -1.108 0.001
5 0.989 0.001
30 0.585 0.001
45 0 0.001
70 -0.745 0.001
90 -1.554 0.001
5 0.464 0.001
30 0.351 0.001
45 0 0.001
70 -0.54 0.001
90 -1.199 0.001
5 0.546 0.001
30 0.442 0.001
45 0 0.001
70 -0.708 0.001
90 -1.594 0.001
5 0.047 0.001
30 0.232 0.001
45 0 0.001
70 -0.544 0.001
90 -1.332 0.001
5 0.053 0.001
30 0.262 0.001
45 0 0.001
70 -0.613 0.001
90 -1.503 0.001
5 -0.37 0.001
30 0.091 0.001
45 0 0.001
70 -0.492 0.001
90 -1.328 0.001
5 -0.292 0.001
30 0.148 0.001
45 0 0.001
70 -0.577 0.001
90 -1.518 0.001
5 -0.479 0.001
30 0.017 0.001
45 0 0.001
70 -0.387 0.001
90 -1.101 0.001
5 -0.303 0.001
30 0.026 0.001
45 0 0.001
70 -0.281 0.001
90 -0.79 0.001
5 -0.564 0.001
30 -0.169 0.001
45 0 0.001
70 0.015 0.001
90 -0.133 0.001
5 -0.097 0.001
30 0.014 0.001
45 0 0.001
70 -0.104 0.001
90 -0.295 0.001
5 -0.167 0.001
30 -0.074 0.001
45 0 0.001
70 0.064 0.001
90 0.099 0.001
5 0.307 0.001
30 0.123 0.001
45 0 0.001
70 -0.084 0.001
90 -0.132 0.001
5 0.344 0.001
30 0.115 0.001
45 0 0.001
70 -0.039 0.001
90 -0.009 0.001
5 0.83 0.001
30 0.328 0.001
45 0 0.001
70 -0.22 0.001
90 -0.317 0.001
5 0.799 0.001
30 0.306 0.001
45 0 0.001
70 -0.187 0.001
90 -0.246 0.001
5 1.205 0.001
30 0.478 0.001
45 0 0.001
70 -0.323 0.001
90 -0.466 0.001
5 1.11 0.001
30 0.448 0.001
45 0 0.001
70 -0.316 0.001
90 -0.476 0.001
5 1.435 0.001
30 0.592 0.001
45 0 0.001
70 -0.44 0.001
90 -0.689 0.001
5 1.29 0.001
30 0.55 0.001
45 0 0.001
70 -0.44 0.001
90 -0.728 0.001
5 1.488 0.001
30 0.634 0.001
45 0 0.001
70 -0.507 0.001
90 -0.836 0.001
5 1.212 0.001
30 0.534 0.001
45 0 0.001
70 -0.457 0.001
90 -0.791 0.001
5 1.181 0.001
30 0.51 0.001
45 0 0.001
70 -0.418 0.001
90 -0.703 0.001
5 0.885 0.001
30 0.41 0.001
45 0 0.001
70 -0.384 0.001
90 -0.702 0.001
5 0.656 0.001
30 0.295 0.001
45 0 0.001
70 -0.262 0.001
90 -0.463 0.001
5 0.234 0.001
30 0.132 0.001
45 0 0.001
70 -0.16 0.001
90 -0.333 0.001
5 -0.242 0.001
30 -0.12 0.001
45 0 0.001
70 0.125 0.001
90 0.238 0.001
5 -0.774 0.001
30 -0.337 0.001
45 0 0.001
70 0.282 0.001
90 0.474 0.001
5 -1.341 0.001
30 -0.658 0.001
45 0 0.001
70 0.671 0.001
90 1.275 0.001
5 -2.108 0.001
30 -1.027 0.001
45 0 0.001
70 1.039 0.001
90 1.967 0.001
5 -2.482 0.001
30 -1.238 0.001
45 0 0.001
70 1.294 0.001
90 2.493 0.001
5 -2.424 0.001
30 -1.196 0.001
45 0 0.001
70 1.231 0.001
90 2.353 0.001
5 -2.125 0.001
30 -1.088 0.001
45 0 0.001
70 1.179 0.001
90 2.313 0.001
5 -1.985 0.001
30 -1.013 0.001
45 0 0.001
70 1.092 0.001
90 2.138 0.001
5 -1.692 0.001
30 -0.918 0.001
45 0 0.001
70 1.067 0.001
90 2.162 0.001
5 -1.362 0.001
30 -0.735 0.001
45 0 0.001
70 0.851 0.001
90 1.723 0.001
5 -1.148 0.001
30 -0.684 0.001
45 0 0.001
70 0.877 0.001
90 1.852 0.001
5 -0.848 0.001
30 -0.509 0.001
45 0 0.001
70 0.657 0.001
90 1.394 0.001
5 -0.687 0.001
30 -0.482 0.001
45 0 0.001
70 0.706 0.001
90 1.563 0.001
5 -0.571 0.001
30 -0.398 0.001
45 0 0.001
70 0.581 0.001
90 1.287 0.001
5 -0.481 0.001
30 -0.409 0.001
45 0 0.001
70 0.673 0.001
90 1.543 0.001
5 -0.447 0.001
30 -0.351 0.001
45 0 0.001
70 0.553 0.001
90 1.255 0.001
5 -0.674 0.001
30 -0.602 0.001
45 0 0.001
70 1.015 0.001
90 2.338 0.001
5 -0.824 0.001
30 -0.623 0.001
45 0 0.001
70 0.961 0.001
90 2.16 0.001
5 -0.808 0.001
30 -0.666 0.001
45 0 0.001
70 1.078 0.001
90 2.455 0.001
5 -1.014 0.001
30 -0.7 0.001
45 0 0.001
70 1.015 0.001
90 2.239 0.001
5 -1.105 0.001
30 -0.78 0.001
45 0 0.001
70 1.147 0.001
90 2.538 0.001
5 -1.385 0.001
30 -0.852 0.001
45 0 0.001
70 1.127 0.001
90 2.406 0.001
5 -1.655 0.001
30 -1.02 0.001
45 0 0.001
70 1.348 0.001
90 2.876 0.001
5 -1.96 0.001
30 -1.103 0.001
45 0 0.001
70 1.335 0.001
90 2.753 0.001
5 -2.219 0.001
30 -1.255 0.001
45 0 0.001
70 1.528 0.001
90 3.157 0.001
5 -2.546 0.001
30 -1.352 0.001
45 0 0.001
70 1.535 0.001
90 3.076 0.001
5 -2.551 0.001
30 -1.367 0.001
45 0 0.001
70 1.566 0.001
90 3.15 0.001
5 -2.789 0.001
30 -1.432 0.001
45 0 0.001
70 1.556 0.001
90 3.056 0.001
5 -2.721 0.001
30 -1.415 0.001
45 0 0.001
70 1.563 0.001
90 3.091 0.001
5 -2.447 0.001
30 -1.257 0.001
45 0 0.001
70 1.367 0.001
90 2.684 0.001
5 -1.629 0.001
30 -0.864 0.001
45 0 0.001
70 0.979 0.001
90 1.957 0.001
5 -1.108 0.001
30 -0.556 0.001
45 0 0.001
70 0.586 0.001
90 1.134 0.001
5 -0.44 0.001
30 -0.278 0.001
45 0 0.001
70 0.375 0.001
90 0.802 0.001
5 0.036 0.001
30 -0.015 0.001
45 0 0.001
70 0.064 0.001
90 0.167 0.001
5 0.627 0.001
30 0.223 0.001
45 0 0.001
70 -0.105 0.001
90 -0.083 0.001
5 0.877 0.001
30 0.359 0.001
45 0 0.001
70 -0.263 0.001
90 -0.403 0.001
5 1.358 0.001
30 0.542 0.001
45 0 0.001
70 -0.371 0.001
90 -0.535 0.001
5 1.397 0.001
30 0.58 0.001
45 0 0.001
70 -0.438 0.001
90 -0.692 0.001
5 1.841 0.001
30 0.756 0.001
45 0 0.001
70 -0.556 0.001
90 -0.856 0.001
5 1.62 0.001
30 0.672 0.001
45 0 0.001
70 -0.506 0.001
90 -0.799 0.001
5 1.901 0.001
30 0.777 0.001
45 0 0.001
70 -0.566 0.001
90 -0.865 0.001
5 1.523 0.001
30 0.621 0.001
45 0 0.001
70 -0.451 0.001
90 -0.69 0.001
5 1.727 0.001
30 0.704 0.001
45 0 0.001
70 -0.51 0.001
90 -0.778 0.001
5 1.244 0.001
30 0.512 0.001
45 0 0.001
70 -0.379 0.001
90 -0.593 0.001
5 1.365 0.001
30 0.58 0.001
45 0 0.001
70 -0.461 0.001
90 -0.762 0.001
5 0.794 0.001
30 0.344 0.001
45 0 0.001
70 -0.285 0.001
90 -0.49 0.001
5 0.845 0.001
30 0.398 0.001
45 0 0.001
70 -0.382 0.001
90 -0.716 0.001
5 0.293 0.001
30 0.18 0.001
45 0 0.001
70 -0.237 0.001
90 -0.515 0.001
5 0.459 0.001
30 0.315 0.001
45 0 0.001
70 -0.454 0.001
90 -1.005 0.001
5 -0.067 0.001
30 0.116 0.001
45 0 0.001
70 -0.338 0.001
90 -0.867 0.001
5 0.3 0.001
30 0.358 0.001
45 0 0.001
70 -0.675 0.001
90 -1.594 0.001
5 0.11 0.001
30 0.346 0.001
45 0 0.001
70 -0.783 0.001
90 -1.915 0.001
5 0.3 0.001
30 0.464 0.001
45 0 0.001
70 -0.939 0.001
90 -2.244 0.001
5 0.193 0.001
30 0.404 0.001
45 0 0.001
70 -0.867 0.001
90 -2.096 0.001
5 0.719 0.001
30 0.633 0.001
45 0 0.001
70 -1.058 0.001
90 -2.414 0.001
5 0.665 0.001
30 0.592 0.001
45 0 0.001
70 -0.996 0.001
90 -2.276 0.001
5 1.306 0.001
30 0.869 0.001
45 0 0.001
70 -1.224 0.001
90 -2.654 0.001
5 1.176 0.001
30 0.76 0.001
45 0 0.001
70 -1.046 0.001
90 -2.249 0.001
5 1.838 0.001
30 1.052 0.001
45 0 0.001
70 -1.296 0.001
90 -2.676 0.001
5 1.626 0.001
30 0.901 0.001
45 0 0.001
70 -1.074 0.001
90 -2.186 0.001
5 2.255 0.001
30 1.181 0.001
45 0 0.001
70 -1.319 0.001
90 -2.611 0.001
5 1.997 0.001
30 1.032 0.001
45 0 0.001
70 -1.135 0.001
90 -2.226 0.001
5 2.619 0.001
30 1.321 0.001
45 0 0.001
70 -1.406 0.001
90 -2.717 0.001
5 2.195 0.001
30 1.104 0.001
45 0 0.001
70 -1.171 0.001
90 -2.257 0.001
5 2.668 0.001
30 1.327 0.001
45 0 0.001
70 -1.386 0.001
90 -2.652 0.001
5 2.194 0.001
30 1.104 0.001
45 0 0.001
70 -1.171 0.001
90 -2.257 0.001
5 2.618 0.001
30 1.321 0.001
45 0 0.001
70 -1.406 0.001
90 -2.718 0.001
5 1.995 0.001
30 1.032 0.001
45 0 0.001
70 -1.135 0.001
90 -2.227 0.001
5 2.252 0.001
30 1.181 0.001
45 0 0.001
70 -1.32 0.001
90 -2.612 0.001
5 1.623 0.001
30 0.9 0.001
45 0 0.001
70 -1.075 0.001
90 -2.188 0.001
5 1.836 0.001
30 1.051 0.001
45 0 0.001
70 -1.297 0.001
90 -2.677 0.001
5 1.175 0.001
30 0.76 0.001
45 0 0.001
70 -1.047 0.001
90 -2.251 0.001
5 1.306 0.001
30 0.869 0.001
45 0 0.001
70 -1.225 0.001
90 -2.656 0.001
5 0.666 0.001
30 0.593 0.001
45 0 0.001
70 -0.997 0.001
90 -2.278 0.001
5 0.721 0.001
30 0.634 0.001
45 0 0.001
70 -1.059 0.001
90 -2.417 0.001
5 0.196 0.001
30 0.406 0.001
45 0 0.001
70 -0.868 0.001
90 -2.098 0.001
5 0.305 0.001
30 0.466 0.001
45 0 0.001
70 -0.94 0.001
90 -2.247 0.001
5 0.116 0.001
30 0.349 0.001
45 0 0.001
70 -0.785 0.001
90 -1.918 0.001
5 0.307 0.001
30 0.361 0.001
45 0 0.001
70 -0.677 0.001
90 -1.597 0.001
5 -0.059 0.001
30 0.119 0.001
45 0 0.001
70 -0.34 0.001
90 -0.871 0.001
5 0.468 0.001
30 0.319 0.001
45 0 0.001
70 -0.457 0.001
90 -1.009 0.001
5 0.302 0.001
30 0.184 0.001
45 0 0.001
70 -0.24 0.001
90 -0.521 0.001
5 0.855 0.001
30 0.402 0.001
45 0 0.001
70 -0.386 0.001
90 -0.722 0.001
5 0.805 0.001
30 0.349 0.001
45 0 0.001
70 -0.289 0.001
90 -0.498 0.001
5 1.376 0.001
30 0.585 0.001
45 0 0.001
70 -0.466 0.001
90 -0.772 0.001
5 1.255 0.001
30 0.517 0.001
45 0 0.001
70 -0.384 0.001
90 -0.604 0.001
5 1.738 0.001
30 0.71 0.001
45 0 0.001
70 -0.516 0.001
90 -0.79 0.001
5 1.533 0.001
30 0.627 0.001
45 0 0.001
70 -0.457 0.001
90 -0.702 0.001
5 1.91 0.001
30 0.782 0.001
45 0 0.001
70 -0.572 0.001
90 -0.877 0.001
5 1.627 0.001
30 0.676 0.001
45 0 0.001
70 -0.512 0.001
90 -0.81 0.001
5 1.846 0.001
30 0.759 0.001
45 0 0.001
70 -0.561 0.001
90 -0.866 0.001
5 1.4 0.001
30 0.583 0.001
45 0 0.001
70 -0.442 0.001
90 -0.7 0.001
5 1.36 0.001
30 0.544 0.001
45 0 0.001
70 -0.375 0.001
90 -0.542 0.001
5 0.878 0.001
30 0.36 0.001
45 0 0.001
70 -0.265 0.001
90 -0.408 0.001
5 0.628 0.001
30 0.225 0.001
45 0 0.001
70 -0.107 0.001
90 -0.088 0.001
5 0.036 0.001
30 -0.014 0.001
45 0 0.001
70 0.062 0.001
90 0.163 0.001
5 -0.439 0.001
30 -0.277 0.001
45 0 0.001
70 0.373 0.001
90 0.798 0.001
5 -1.106 0.001
30 -0.555 0.001
45 0 0.001
70 0.585 0.001
90 1.13 0.001
5 -1.626 0.001
30 -0.862 0.001
45 0 0.001
70 0.976 0.001
90 1.951 0.001
5 -2.441 0.001
30 -1.254 0.001
45 0 0.001
70 1.364 0.001
90 2.678 0.001
5 -2.714 0.001
30 -1.411 0.001
45 0 0.001
70 1.559 0.001
90 3.084 0.001
5 -2.781 0.001
30 -1.427 0.001
45 0 0.001
70 1.551 0.001
90 3.048 0.001
5 -2.541 0.001
30 -1.362 0.001
45 0 0.001
70 1.561 0.001
90 3.141 0.001
5 -2.535 0.001
30 -1.347 0.001
45 0 0.001
70 1.529 0.001
90 3.066 0.001
5 -2.207 0.001
30 -1.25 0.001
45 0 0.001
70 1.523 0.001
90 3.147 0.001
5 -1.949 0.001
30 -1.097 0.001
45 0 0.001
70 1.329 0.001
90 2.743 0.001
5 -1.644 0.001
30 -1.015 0.001
45 0 0.001
70 1.343 0.001
90 2.867 0.001
5 -1.375 0.001
30 -0.847 0.001
45 0 0.001
70 1.122 0.001
90 2.397 0.001
5 -1.095 0.001
30 -0.775 0.001
45 0 0.001
70 1.143 0.001
90 2.53 0.001
5 -1.006 0.001
30 -0.696 0.001
45 0 0.001
70 1.012 0.001
90 2.232 0.001
5 -0.801 0.001
30 -0.663 0.001
45 0 0.001
70 1.076 0.001
90 2.45 0.001
5 -0.821 0.001
30 -0.622 0.001
45 0 0.001
70 0.959 0.001
90 2.157 0.001
5 -0.984 0.001
30 -0.879 0.001
45 0 0.001
70 1.483 0.001
90 3.413 0.001
5 -1.239 0.001
30 -0.956 0.001
45 0 0.001
70 1.492 0.001
90 3.361 0.001
5 -1.144 0.001
30 -0.953 0.001
45 0 0.001
70 1.552 0.001
90 3.535 0.001
5 -1.506 0.001
30 -1.068 0.001
45 0 0.001
70 1.578 0.001
90 3.494 0.001
5 -1.538 0.001
30 -1.112 0.001
45 0 0.001
70 1.663 0.001
90 3.697 0.001
5 -1.997 0.001
30 -1.273 0.001
45 0 0.001
70 1.735 0.001
90 3.739 0.001
5 -2.183 0.001
30 -1.391 0.001
45 0 0.001
70 1.892 0.001
90 4.075 0.001
5 -2.642 0.001
30 -1.548 0.001
45 0 0.001
70 1.953 0.001
90 4.091 0.001
5 -2.806 0.001
30 -1.646 0.001
45 0 0.001
70 2.078 0.001
90 4.352 0.001
5 -3.173 0.001
30 -1.757 0.001
45 0 0.001
70 2.091 0.001
90 4.277 0.001
5 -3.097 0.001
30 -1.724 0.001
45 0 0.001
70 2.064 0.001
90 4.231 0.001
5 -3.243 0.001
30 -1.738 0.001
45 0 0.001
70 1.993 0.001
90 4.012 0.001
5 -3.051 0.001
30 -1.649 0.001
45 0 0.001
70 1.91 0.001
90 3.859 0.001
5 -2.784 0.001
30 -1.5 0.001
45 0 0.001
70 1.729 0.001
90 3.487 0.001
5 -1.958 0.001
30 -1.104 0.001
45 0 0.001
70 1.337 0.001
90 2.752 0.001
5 -1.446 0.001
30 -0.804 0.001
45 0 0.001
70 0.961 0.001
90 1.967 0.001
5 -0.592 0.001
30 -0.427 0.001
45 0 0.001
70 0.636 0.001
90 1.408 0.001
5 -0.122 0.001
30 -0.169 0.001
45 0 0.001
70 0.332 0.001
90 0.788 0.001
5 0.712 0.001
30 0.193 0.001
45 0 0.001
70 0.033 0.001
90 0.284 0.001
5 0.979 0.001
30 0.338 0.001
45 0 0.001
70 -0.137 0.001
90 -0.061 0.001
5 1.693 0.001
30 0.637 0.001
45 0 0.001
70 -0.368 0.001
90 -0.43 0.001
5 1.753 0.001
30 0.688 0.001
45 0 0.001
70 -0.451 0.001
90 -0.618 0.001
5 2.352 0.001
30 0.94 0.001
45 0 0.001
70 -0.648 0.001
90 -0.937 0.001
5 2.159 0.001
30 0.875 0.001
45 0 0.001
70 -0.625 0.001
90 -0.938 0.001
5 2.539 0.001
30 1.031 0.001
45 0 0.001
70 -0.74 0.001
90 -1.113 0.001
5 2.172 0.001
30 0.892 0.001
45 0 0.001
70 -0.657 0.001
90 -1.014 0.001
5 2.421 0.001
30 1 0.001
45 0 0.001
70 -0.747 0.001
90 -1.166 0.001
5 1.932 0.001
30 0.821 0.001
45 0 0.001
70 -0.654 0.001
90 -1.077 0.001
5 2.069 0.001
30 0.899 0.001
45 0 0.001
70 -0.749 0.001
90 -1.273 0.001
5 1.493 0.001
30 0.685 0.001
45 0 0.001
70 -0.632 0.001
90 -1.151 0.001
5 1.557 0.001
30 0.747 0.001
45 0 0.001
70 -0.739 0.001
90 -1.396 0.001
5 1.01 0.001
30 0.558 0.001
45 0 0.001
70 -0.662 0.001
90 -1.364 0.001
5 1.169 0.001
30 0.687 0.001
45 0 0.001
70 -0.87 0.001
90 -1.832 0.001
5 0.695 0.001
30 0.534 0.001
45 0 0.001
70 -0.831 0.001
90 -1.871 0.001
5 1.035 0.001
30 0.759 0.001
45 0 0.001
70 -1.144 0.001
90 -2.547 0.001
5 0.859 0.001
30 0.753 0.001
45 0 0.001
70 -1.256 0.001
90 -2.874 0.001
5 1.029 0.001
30 0.857 0.001
45 0 0.001
70 -1.392 0.001
90 -3.159 0.001
5 1.017 0.001
30 0.857 0.001
45 0 0.001
70 -1.402 0.001
90 -3.186 0.001
5 1.59 0.001
30 1.118 0.001
45 0 0.001
70 -1.639 0.001
90 -3.606 0.001
5 1.596 0.001
30 1.115 0.001
45 0 0.001
70 -1.628 0.001
90 -3.575 0.001
5 2.301 0.001
30 1.418 0.001
45 0 0.001
70 -1.874 0.001
90 -3.978 0.001
5 2.24 0.001
30 1.353 0.001
45 0 0.001
70 -1.757 0.001
90 -3.705 0.001
5 2.954 0.001
30 1.65 0.001
45 0 0.001
70 -1.983 0.001
90 -4.059 0.001
5 2.811 0.001
30 1.544 0.001
45 0 0.001
70 -1.821 0.001
90 -3.698 0.001
5 3.474 0.001
30 1.818 0.001
45 0 0.001
70 -2.029 0.001
90 -4.017 0.001
5 3.27 0.001
30 1.702 0.001
45 0 0.001
70 -1.888 0.001
90 -3.727 0.001
5 3.886 0.001
30 1.969 0.001
45 0 0.001
70 -2.107 0.001
90 -4.091 0.001
5 3.516 0.001
30 1.788 0.001
45 0 0.001
70 -1.924 0.001
90 -3.744 0.001
5 3.972 0.001
30 1.99 0.001
45 0 0.001
70 -2.097 0.001
90 -4.042 0.001
5 3.515 0.001
30 1.788 0.001
45 0 0.001
70 -1.924 0.001
90 -3.744 0.001
5 3.885 0.001
30 1.969 0.001
45 0 0.001
70 -2.108 0.001
90 -4.092 0.001
5 3.268 0.001
30 1.702 0.001
45 0 0.001
70 -1.889 0.001
90 -3.729 0.001
5 3.473 0.001
30 1.818 0.001
45 0 0.001
70 -2.03 0.001
90 -4.019 0.001
5 2.809 0.001
30 1.543 0.001
45 0 0.001
70 -1.822 0.001
90 -3.7 0.001
5 2.952 0.001
30 1.65 0.001
45 0 0.001
70 -1.985 0.001
90 -4.061 0.001
5 2.24 0.001
30 1.353 0.001
45 0 0.001
70 -1.758 0.001
90 -3.708 0.001
5 2.302 0.001
30 1.418 0.001
45 0 0.001
70 -1.875 0.001
90 -3.982 0.001
5 1.598 0.001
30 1.116 0.001
45 0 0.001
70 -1.629 0.001
90 -3.578 0.001
5 1.594 0.001
30 1.12 0.001
45 0 0.001
70 -1.641 0.001
90 -3.609 0.001
5 1.021 0.001
30 0.859 0.001
45 0 0.001
70 -1.403 0.001
90 -3.188 0.001
5 1.036 0.001
30 0.86 0.001
45 0 0.001
70 -1.395 0.001
90 -3.164 0.001
5 0.87 0.001
30 0.758 0.001
45 0 0.001
70 -1.26 0.001
90 -2.881 0.001
5 1.046 0.001
30 0.764 0.001
45 0 0.001
70 -1.149 0.001
90 -2.554 0.001
5 0.707 0.001
30 0.54 0.001
45 0 0.001
70 -0.836 0.001
90 -1.878 0.001
5 1.183 0.001
30 0.693 0.001
45 0 0.001
70 -0.875 0.001
90 -1.84 0.001
5 1.024 0.001
30 0.564 0.001
45 0 0.001
70 -0.668 0.001
90 -1.374 0.001
5 1.572 0.001
30 0.754 0.001
45 0 0.001
70 -0.745 0.001
90 -1.408 0.001
5 1.509 0.001
30 0.693 0.001
45 0 0.001
70 -0.639 0.001
90 -1.165 0.001
5 2.085 0.001
30 0.907 0.001
45 0 0.001
70 -0.757 0.001
90 -1.288 0.001
5 1.949 0.001
30 0.829 0.001
45 0 0.001
70 -0.662 0.001
90 -1.094 0.001
5 2.437 0.001
30 1.008 0.001
45 0 0.001
70 -0.756 0.001
90 -1.184 0.001
5 2.186 0.001
30 0.9 0.001
45 0 0.001
70 -0.666 0.001
90 -1.033 0.001
5 2.553 0.001
30 1.039 0.001
45 0 0.001
70 -0.749 0.001
90 -1.131 0.001
5 2.17 0.001
30 0.882 0.001
45 0 0.001
70 -0.634 0.001
90 -0.955 0.001
5 2.362 0.001
30 0.946 0.001
45 0 0.001
70 -0.656 0.001
90 -0.952 0.001
5 1.761 0.001
30 0.693 0.001
45 0 0.001
70 -0.457 0.001
90 -0.632 0.001
5 1.699 0.001
30 0.641 0.001
45 0 0.001
70 -0.374 0.001
90 -0.442 0.001
5 0.984 0.001
30 0.342 0.001
45 0 0.001
70 -0.142 0.001
90 -0.072 0.001
5 0.716 0.001
30 0.196 0.001
45 0 0.001
70 0.028 0.001
90 0.275 0.001
5 -0.118 0.001
30 -0.166 0.001
45 0 0.001
70 0.328 0.001
90 0.779 0.001
5 -0.587 0.001
30 -0.424 0.001
45 0 0.001
70 0.633 0.001
90 1.4 0.001
5 -1.44 0.001
30 -0.801 0.001
45 0 0.001
70 0.957 0.001
90 1.959 0.001
5 -1.952 0.001
30 -1.1 0.001
45 0 0.001
70 1.333 0.001
90 2.743 0.001
5 -2.776 0.001
30 -1.495 0.001
45 0 0.001
70 1.724 0.001
90 3.476 0.001
5 -3.041 0.001
30 -1.645 0.001
45 0 0.001
70 1.905 0.001
90 3.849 0.001
5 -3.232 0.001
30 -1.733 0.001
45 0 0.001
70 1.988 0.001
90 4.003 0.001
5 -3.084 0.001
30 -1.718 0.001
45 0 0.001
70 2.058 0.001
90 4.22 0.001
5 -3.159 0.001
30 -1.75 0.001
45 0 0.001
70 2.084 0.001
90 4.264 0.001
5 -2.792 0.001
30 -1.639 0.001
45 0 0.001
70 2.071 0.001
90 4.34 0.001
5 -2.628 0.001
30 -1.541 0.001
45 0 0.001
70 1.946 0.001
90 4.079 0.001
5 -2.169 0.001
30 -1.384 0.001
45 0 0.001
70 1.886 0.001
90 4.064 0.001
5 -1.984 0.001
30 -1.267 0.001
45 0 0.001
70 1.729 0.001
90 3.728 0.001
5 -1.526 0.001
30 -1.106 0.001
45 0 0.001
70 1.658 0.001
90 3.687 0.001
5 -1.496 0.001
30 -1.063 0.001
45 0 0.001
70 1.574 0.001
90 3.487 0.001
5 -1.137 0.001
30 -0.95 0.001
45 0 0.001
70 1.549 0.001
90 3.53 0.001
5 -1.235 0.001
30 -0.955 0.001
45 0 0.001
70 1.491 0.001
90 3.358 0.001
5 -0.186 0.001
30 0.044 0.001
45 0 0.001
70 -0.245 0.001
90 -0.662 0.001
5 0.245 0.001
30 0.294 0.001
45 0 0.001
70 -0.557 0.001
90 -1.312 0.001
5 -1.756 0.001
30 -0.878 0.001
45 0 0.001
70 0.923 0.001
90 1.777 0.001
5 -1.521 0.001
30 -0.724 0.001
45 0 0.001
70 0.708 0.001
90 1.32 0.001
5 -1.524 0.001
30 -0.725 0.001
45 0 0.001
70 0.71 0.001
90 1.323 0.001
5 -1.759 0.001
30 -0.88 0.001
45 0 0.001
70 0.925 0.001
90 1.783 0.001
5 0.24 0.001
30 0.292 0.001
45 0 0.001
70 -0.554 0.001
90 -1.307 0.001
5 -0.184 0.001
30 0.045 0.001
45 0 0.001
70 -0.246 0.001
90 -0.663 0.001
5 -2.15 0.001
30 -0.998 0.001
45 0 0.001
70 0.935 0.001
90 1.696 0.001
5 -1.095 0.001
30 -0.279 0.001
45 0 0.001
70 -0.092 0.001
90 -0.543 0.001
5 -1.096 0.001
30 -0.28 0.001
45 0 0.001
70 -0.09 0.001
90 -0.54 0.001
5 -2.149 0.001
30 -0.998 0.001
45 0 0.001
70 0.935 0.001
90 1.694 0.001
