-1.502	-0.668	0.000	0.422	0.531
-1.412	-0.624	0.000	0.387	0.471
-1.208	-0.527	0.000	0.310	0.340
-0.907	-0.383	0.000	0.197	0.151
-0.549	-0.213	0.000	0.066	-0.069
-0.096	0.002	0.000	-0.100	-0.342
0.376	0.225	0.000	-0.272	-0.628
0.826	0.438	0.000	-0.436	-0.899
1.202	0.615	0.000	-0.572	-1.123
1.507	0.758	0.000	-0.680	-1.298
1.715	0.855	0.000	-0.752	-1.413
1.811	0.900	0.000	-0.786	-1.466
1.807	0.898	0.000	-0.784	-1.464
1.715	0.855	0.000	-0.753	-1.415
1.508	0.759	0.000	-0.681	-1.300
1.202	0.615	0.000	-0.572	-1.125
0.834	0.442	0.000	-0.439	-0.905
0.377	0.226	0.000	-0.273	-0.629
-0.095	0.002	0.000	-0.101	-0.345
-0.540	-0.209	0.000	0.062	-0.075
-0.907	-0.383	0.000	0.197	0.150
-1.207	-0.526	0.000	0.309	0.339
-1.414	-0.626	0.000	0.388	0.474
-1.508	-0.671	0.000	0.424	0.535
-2.578	-1.202	0.000	0.884	1.387
-2.501	-1.168	0.000	0.863	1.362
-2.244	-1.041	0.000	0.755	1.164
-1.936	-0.893	0.000	0.637	0.963
-1.406	-0.643	0.000	0.449	0.657
-0.484	-0.204	0.000	0.107	0.085
0.539	0.280	0.000	-0.266	-0.531
1.454	0.709	0.000	-0.588	-1.047
2.019	0.978	0.000	-0.799	-1.405
2.385	1.144	0.000	-0.914	-1.569
2.593	1.236	0.000	-0.973	-1.646
2.724	1.300	0.000	-1.026	-1.742
2.723	1.301	0.000	-1.030	-1.753
2.612	1.246	0.000	-0.983	-1.666
2.377	1.142	0.000	-0.916	-1.581
2.045	0.989	0.000	-0.804	-1.405
1.480	0.721	0.000	-0.596	-1.059
0.569	0.294	0.000	-0.275	-0.543
-0.442	-0.183	0.000	0.088	0.050
-1.376	-0.628	0.000	0.435	0.632
-1.891	-0.869	0.000	0.614	0.917
-2.268	-1.054	0.000	0.767	1.189
-2.487	-1.163	0.000	0.861	1.361
-2.589	-1.209	0.000	0.891	1.403
-2.890	-1.368	0.000	1.051	1.732
-3.047	-1.449	0.000	1.126	1.882
-2.894	-1.377	0.000	1.072	1.793
-3.280	-1.582	0.000	1.274	2.208
-2.615	-1.240	0.000	0.957	1.587
-2.684	-1.271	0.000	0.979	1.620
-2.247	-1.054	0.000	0.791	1.271
-2.377	-1.123	0.000	0.860	1.415
-2.048	-0.968	0.000	0.743	1.224
-2.330	-1.120	0.000	0.901	1.557
-1.315	-0.623	0.000	0.483	0.805
-0.800	-0.377	0.000	0.290	0.480
-0.046	-0.016	0.000	0.002	-0.014
0.665	0.316	0.000	-0.240	-0.393
1.192	0.564	0.000	-0.429	-0.700
2.076	0.962	0.000	-0.693	-1.058
1.985	0.941	0.000	-0.725	-1.201
2.332	1.105	0.000	-0.850	-1.405
2.294	1.095	0.000	-0.863	-1.464
2.670	1.259	0.000	-0.960	-1.569
2.618	1.234	0.000	-0.941	-1.540
3.085	1.422	0.000	-1.018	-1.543
2.886	1.353	0.000	-1.019	-1.645
3.044	1.426	0.000	-1.073	-1.729
2.945	1.388	0.000	-1.060	-1.739
3.048	1.428	0.000	-1.074	-1.730
2.888	1.354	0.000	-1.020	-1.645
3.087	1.422	0.000	-1.017	-1.541
2.620	1.235	0.000	-0.942	-1.542
2.673	1.261	0.000	-0.962	-1.576
2.296	1.097	0.000	-0.865	-1.468
2.337	1.107	0.000	-0.853	-1.410
1.985	0.942	0.000	-0.727	-1.205
2.070	0.960	0.000	-0.693	-1.061
1.203	0.569	0.000	-0.434	-0.710
0.692	0.329	0.000	-0.251	-0.411
-0.026	-0.006	0.000	-0.006	-0.028
-0.772	-0.364	0.000	0.280	0.462
-1.306	-0.619	0.000	0.480	0.799
-2.339	-1.125	0.000	0.904	1.564
-2.049	-0.969	0.000	0.743	1.224
-2.372	-1.120	0.000	0.858	1.409
-2.246	-1.054	0.000	0.790	1.269
-2.684	-1.272	0.000	0.980	1.621
-2.612	-1.239	0.000	0.956	1.584
-3.276	-1.579	0.000	1.271	2.201
-2.891	-1.376	0.000	1.070	1.790
-3.043	-1.447	0.000	1.125	1.879
-3.395	-1.635	0.000	1.311	2.264
-3.447	-1.658	0.000	1.326	2.283
-3.545	-1.713	0.000	1.388	2.419
-3.680	-1.784	0.000	1.456	2.558
-3.543	-1.710	0.000	1.380	2.396
-3.453	-1.653	0.000	1.309	2.230
-3.265	-1.566	0.000	1.245	2.132
-3.100	-1.485	0.000	1.179	2.014
-2.981	-1.437	0.000	1.161	2.019
-2.755	-1.336	0.000	1.098	1.941
-1.954	-0.950	0.000	0.788	1.403
-1.148	-0.560	0.000	0.469	0.843
-0.151	-0.089	0.000	0.111	0.260
0.861	0.391	0.000	-0.259	-0.351
1.608	0.736	0.000	-0.505	-0.725
2.372	1.089	0.000	-0.761	-1.119
2.684	1.244	0.000	-0.895	-1.368
2.913	1.360	0.000	-1.005	-1.585
3.090	1.439	0.000	-1.059	-1.660
3.319	1.546	0.000	-1.139	-1.790
3.342	1.542	0.000	-1.106	-1.683
3.432	1.572	0.000	-1.105	-1.637
3.373	1.552	0.000	-1.107	-1.671
3.359	1.555	0.000	-1.130	-1.747
3.302	1.527	0.000	-1.107	-1.706
3.360	1.555	0.000	-1.130	-1.747
3.373	1.552	0.000	-1.107	-1.671
3.432	1.572	0.000	-1.105	-1.637
3.343	1.543	0.000	-1.107	-1.685
3.320	1.547	0.000	-1.140	-1.793
3.093	1.441	0.000	-1.060	-1.665
2.917	1.362	0.000	-1.007	-1.590
2.690	1.247	0.000	-0.899	-1.375
2.378	1.093	0.000	-0.765	-1.127
1.619	0.741	0.000	-0.510	-0.735
0.874	0.398	0.000	-0.264	-0.363
-0.137	-0.082	0.000	0.105	0.249
-1.136	-0.553	0.000	0.464	0.834
-1.944	-0.945	0.000	0.783	1.394
-2.750	-1.334	0.000	1.096	1.937
-2.976	-1.434	0.000	1.159	2.013
-3.098	-1.483	0.000	1.178	2.011
-3.263	-1.564	0.000	1.244	2.129
-3.451	-1.652	0.000	1.308	2.227
-3.543	-1.709	0.000	1.379	2.394
-3.680	-1.783	0.000	1.455	2.556
-3.546	-1.714	0.000	1.387	2.418
-3.445	-1.657	0.000	1.325	2.281
-3.093	-1.500	0.000	1.224	2.153
-3.274	-1.583	0.000	1.284	2.242
-3.579	-1.763	0.000	1.495	2.721
-3.897	-1.920	0.000	1.630	2.971
-3.664	-1.799	0.000	1.517	2.748
-3.494	-1.672	0.000	1.323	2.251
-3.046	-1.470	0.000	1.189	2.071
-3.046	-1.460	0.000	1.163	1.992
-3.260	-1.604	0.000	1.364	2.487
-3.306	-1.633	0.000	1.401	2.577
-2.513	-1.250	0.000	1.094	2.045
-1.283	-0.633	0.000	0.547	1.012
-0.204	-0.125	0.000	0.162	0.385
0.898	0.400	0.000	-0.246	-0.295
1.874	0.828	0.000	-0.503	-0.590
2.637	1.183	0.000	-0.764	-0.998
2.703	1.223	0.000	-0.817	-1.126
2.863	1.341	0.000	-0.999	-1.591
2.840	1.319	0.000	-0.962	-1.494
3.391	1.582	0.000	-1.172	-1.855
3.254	1.468	0.000	-0.983	-1.359
3.441	1.542	0.000	-1.012	-1.355
3.218	1.446	0.000	-0.960	-1.309
3.191	1.471	0.000	-1.057	-1.613
3.008	1.384	0.000	-0.991	-1.504
3.190	1.471	0.000	-1.057	-1.613
3.218	1.446	0.000	-0.960	-1.311
3.442	1.543	0.000	-1.013	-1.358
3.256	1.469	0.000	-0.984	-1.362
3.393	1.584	0.000	-1.174	-1.858
2.845	1.322	0.000	-0.964	-1.499
2.869	1.344	0.000	-1.002	-1.597
2.710	1.227	0.000	-0.821	-1.133
2.645	1.188	0.000	-0.768	-1.006
1.884	0.833	0.000	-0.508	-0.599
0.909	0.405	0.000	-0.251	-0.304
-0.192	-0.119	0.000	0.156	0.375
-1.273	-0.628	0.000	0.542	1.002
-2.503	-1.245	0.000	1.089	2.036
-3.298	-1.628	0.000	1.398	2.569
-3.253	-1.600	0.000	1.360	2.480
-3.041	-1.457	0.000	1.160	1.987
-3.042	-1.468	0.000	1.187	2.067
-3.492	-1.671	0.000	1.322	2.249
-3.664	-1.799	0.000	1.517	2.747
-3.897	-1.920	0.000	1.630	2.970
-3.581	-1.763	0.000	1.495	2.721
-3.276	-1.584	0.000	1.284	2.243
-2.916	-1.397	0.000	1.105	1.884
-3.014	-1.447	0.000	1.152	1.975
-3.120	-1.501	0.000	1.202	2.074
-3.301	-1.591	0.000	1.280	2.218
-3.073	-1.467	0.000	1.153	1.951
-3.061	-1.447	0.000	1.108	1.823
-2.879	-1.354	0.000	1.022	1.655
-2.942	-1.391	0.000	1.068	1.760
-2.956	-1.410	0.000	1.110	1.878
-2.770	-1.337	0.000	1.087	1.900
-1.942	-0.942	0.000	0.777	1.377
-1.124	-0.550	0.000	0.468	0.853
-0.163	-0.090	0.000	0.105	0.236
0.774	0.351	0.000	-0.229	-0.303
1.584	0.733	0.000	-0.519	-0.776
2.416	1.123	0.000	-0.812	-1.249
2.768	1.306	0.000	-0.988	-1.603
2.912	1.387	0.000	-1.081	-1.811
2.964	1.417	0.000	-1.120	-1.905
3.140	1.489	0.000	-1.154	-1.922
3.093	1.450	0.000	-1.091	-1.759
3.240	1.499	0.000	-1.089	-1.683
3.125	1.449	0.000	-1.061	-1.656
3.074	1.430	0.000	-1.056	-1.667
3.012	1.405	0.000	-1.047	-1.669
3.074	1.429	0.000	-1.057	-1.668
3.125	1.449	0.000	-1.061	-1.658
3.241	1.500	0.000	-1.090	-1.686
3.095	1.451	0.000	-1.092	-1.763
3.144	1.491	0.000	-1.156	-1.926
2.969	1.420	0.000	-1.122	-1.910
2.919	1.390	0.000	-1.084	-1.817
2.777	1.310	0.000	-0.992	-1.610
2.425	1.128	0.000	-0.816	-1.256
1.594	0.738	0.000	-0.523	-0.785
0.785	0.356	0.000	-0.233	-0.312
-0.153	-0.085	0.000	0.100	0.227
-1.113	-0.545	0.000	0.463	0.843
-1.932	-0.936	0.000	0.772	1.367
-2.760	-1.332	0.000	1.082	1.891
-2.947	-1.405	0.000	1.106	1.871
-2.936	-1.388	0.000	1.064	1.753
-2.875	-1.352	0.000	1.020	1.651
-3.060	-1.446	0.000	1.108	1.821
-3.072	-1.467	0.000	1.153	1.950
-3.302	-1.591	0.000	1.280	2.218
-3.121	-1.502	0.000	1.203	2.075
-3.016	-1.448	0.000	1.153	1.976
-2.369	-1.133	0.000	0.893	1.514
-2.514	-1.217	0.000	0.989	1.729
-2.441	-1.172	0.000	0.934	1.602
-2.699	-1.314	0.000	1.083	1.921
-2.582	-1.242	0.000	0.993	1.711
-2.932	-1.433	0.000	1.194	2.139
-2.621	-1.257	0.000	0.999	1.711
-2.865	-1.393	0.000	1.146	2.031
-2.393	-1.131	0.000	0.865	1.421
-2.590	-1.235	0.000	0.968	1.634
-2.391	-1.114	0.000	0.818	1.283
-2.377	-1.112	0.000	0.828	1.318
-2.198	-1.010	0.000	0.713	1.064
-2.459	-1.151	0.000	0.860	1.374
-2.420	-1.130	0.000	0.838	1.329
-2.721	-1.300	0.000	1.027	1.746
-2.590	-1.225	0.000	0.944	1.563
-2.840	-1.385	0.000	1.154	2.067
-2.419	-1.164	0.000	0.940	1.634
-2.394	-1.183	0.000	1.020	1.885
-1.828	-0.888	0.000	0.738	1.319
-1.610	-0.802	0.000	0.708	1.334
-1.073	-0.528	0.000	0.456	0.841
-0.696	-0.358	0.000	0.345	0.694
-0.179	-0.098	0.000	0.111	0.248
0.226	0.080	0.000	0.005	0.127
0.684	0.308	0.000	-0.194	-0.243
1.086	0.480	0.000	-0.288	-0.329
1.449	0.670	0.000	-0.473	-0.707
1.836	0.828	0.000	-0.541	-0.722
2.112	0.990	0.000	-0.733	-1.158
2.404	1.107	0.000	-0.779	-1.156
2.496	1.192	0.000	-0.934	-1.573
2.569	1.215	0.000	-0.927	-1.518
2.510	1.216	0.000	-0.990	-1.734
2.560	1.235	0.000	-0.998	-1.735
2.472	1.212	0.000	-1.021	-1.847
2.547	1.227	0.000	-0.992	-1.725
2.624	1.266	0.000	-1.028	-1.797
2.644	1.245	0.000	-0.951	-1.558
2.560	1.217	0.000	-0.954	-1.609
2.759	1.267	0.000	-0.900	-1.352
2.690	1.255	0.000	-0.937	-1.495
2.806	1.278	0.000	-0.886	-1.289
2.667	1.240	0.000	-0.917	-1.448
2.677	1.227	0.000	-0.869	-1.303
2.574	1.199	0.000	-0.893	-1.422
2.581	1.192	0.000	-0.865	-1.338
2.548	1.192	0.000	-0.900	-1.456
2.580	1.192	0.000	-0.866	-1.339
2.574	1.199	0.000	-0.893	-1.423
2.677	1.227	0.000	-0.870	-1.305
2.668	1.240	0.000	-0.918	-1.451
2.807	1.278	0.000	-0.887	-1.293
2.692	1.257	0.000	-0.938	-1.499
2.761	1.268	0.000	-0.901	-1.356
2.562	1.218	0.000	-0.955	-1.612
2.647	1.247	0.000	-0.952	-1.562
2.627	1.268	0.000	-1.030	-1.801
2.551	1.230	0.000	-0.994	-1.730
2.477	1.215	0.000	-1.023	-1.852
2.566	1.238	0.000	-1.000	-1.740
2.517	1.219	0.000	-0.992	-1.739
2.576	1.219	0.000	-0.930	-1.524
2.504	1.196	0.000	-0.937	-1.579
2.413	1.112	0.000	-0.783	-1.163
2.121	0.994	0.000	-0.736	-1.166
1.845	0.833	0.000	-0.545	-0.729
1.458	0.675	0.000	-0.477	-0.714
1.095	0.485	0.000	-0.292	-0.336
0.693	0.312	0.000	-0.198	-0.251
0.234	0.084	0.000	0.001	0.119
-0.170	-0.093	0.000	0.107	0.239
-0.687	-0.354	0.000	0.340	0.685
-1.064	-0.523	0.000	0.451	0.832
-1.600	-0.797	0.000	0.703	1.324
-1.818	-0.883	0.000	0.734	1.309
-2.384	-1.178	0.000	1.015	1.875
-2.409	-1.159	0.000	0.935	1.624
-2.830	-1.380	0.000	1.150	2.058
-2.581	-1.221	0.000	0.940	1.555
-2.713	-1.296	0.000	1.023	1.738
-2.413	-1.126	0.000	0.835	1.323
-2.453	-1.148	0.000	0.857	1.369
-2.194	-1.008	0.000	0.711	1.060
-2.375	-1.111	0.000	0.826	1.316
-2.390	-1.113	0.000	0.818	1.282
-2.590	-1.235	0.000	0.968	1.633
-2.393	-1.131	0.000	0.865	1.421
-2.866	-1.394	0.000	1.147	2.031
-2.622	-1.258	0.000	1.000	1.712
-2.934	-1.434	0.000	1.195	2.141
-2.583	-1.243	0.000	0.994	1.712
-2.701	-1.315	0.000	1.084	1.922
-2.443	-1.173	0.000	0.935	1.604
-2.515	-1.217	0.000	0.989	1.730
-1.880	-0.893	0.000	0.688	1.142
-1.929	-0.914	0.000	0.701	1.155
-1.901	-0.905	0.000	0.704	1.179
-2.007	-0.951	0.000	0.731	1.207
-2.018	-0.958	0.000	0.740	1.228
-2.076	-0.980	0.000	0.746	1.218
-1.986	-0.936	0.000	0.707	1.147
-1.917	-0.889	0.000	0.644	0.992
-1.728	-0.790	0.000	0.545	0.791
-1.594	-0.710	0.000	0.451	0.576
-1.535	-0.673	0.000	0.404	0.462
-1.525	-0.660	0.000	0.377	0.388
-1.463	-0.627	0.000	0.346	0.326
-1.705	-0.746	0.000	0.447	0.512
-1.827	-0.814	0.000	0.522	0.673
-2.105	-0.955	0.000	0.651	0.925
-2.127	-0.984	0.000	0.713	1.098
-2.218	-1.039	0.000	0.781	1.257
-2.117	-1.006	0.000	0.787	1.324
-1.907	-0.911	0.000	0.723	1.234
-1.602	-0.772	0.000	0.629	1.103
-1.308	-0.631	0.000	0.518	0.915
-0.987	-0.483	0.000	0.412	0.754
-0.590	-0.289	0.000	0.253	0.471
-0.189	-0.100	0.000	0.109	0.237
0.230	0.102	0.000	-0.053	-0.041
0.601	0.274	0.000	-0.179	-0.238
0.971	0.455	0.000	-0.331	-0.512
1.276	0.600	0.000	-0.444	-0.703
1.651	0.785	0.000	-0.601	-0.989
1.915	0.915	0.000	-0.712	-1.192
2.161	1.046	0.000	-0.846	-1.472
2.198	1.077	0.000	-0.899	-1.613
2.349	1.166	0.000	-1.006	-1.861
2.188	1.102	0.000	-0.983	-1.869
2.181	1.108	0.000	-1.010	-1.956
2.017	1.036	0.000	-0.968	-1.909
2.085	1.062	0.000	-0.978	-1.907
2.064	1.042	0.000	-0.942	-1.811
2.084	1.040	0.000	-0.918	-1.730
2.125	1.041	0.000	-0.880	-1.598
2.258	1.089	0.000	-0.888	-1.559
2.248	1.068	0.000	-0.841	-1.423
2.340	1.107	0.000	-0.861	-1.441
2.262	1.065	0.000	-0.817	-1.347
2.278	1.073	0.000	-0.825	-1.364
2.155	1.011	0.000	-0.771	-1.261
2.222	1.047	0.000	-0.807	-1.336
2.161	1.017	0.000	-0.781	-1.289
2.222	1.047	0.000	-0.807	-1.337
2.154	1.011	0.000	-0.771	-1.263
2.278	1.073	0.000	-0.826	-1.366
2.263	1.065	0.000	-0.818	-1.350
2.341	1.108	0.000	-0.863	-1.444
2.250	1.070	0.000	-0.842	-1.427
2.260	1.090	0.000	-0.890	-1.563
2.128	1.042	0.000	-0.881	-1.602
2.087	1.041	0.000	-0.919	-1.734
2.067	1.043	0.000	-0.944	-1.815
2.089	1.064	0.000	-0.980	-1.911
2.022	1.038	0.000	-0.970	-1.913
2.187	1.111	0.000	-1.013	-1.960
2.195	1.105	0.000	-0.985	-1.874
2.356	1.169	0.000	-1.009	-1.866
2.206	1.081	0.000	-0.902	-1.618
2.169	1.050	0.000	-0.849	-1.478
1.924	0.919	0.000	-0.715	-1.198
1.659	0.789	0.000	-0.605	-0.995
1.284	0.604	0.000	-0.448	-0.709
0.978	0.459	0.000	-0.334	-0.518
0.609	0.278	0.000	-0.182	-0.245
0.237	0.105	0.000	-0.056	-0.048
-0.182	-0.096	0.000	0.105	0.230
-0.583	-0.285	0.000	0.249	0.463
-0.979	-0.479	0.000	0.408	0.746
-1.300	-0.627	0.000	0.514	0.906
-1.593	-0.767	0.000	0.624	1.093
-1.898	-0.906	0.000	0.718	1.224
-2.108	-1.001	0.000	0.783	1.315
-2.208	-1.034	0.000	0.777	1.248
-2.118	-0.980	0.000	0.709	1.089
-2.098	-0.952	0.000	0.648	0.918
-1.821	-0.811	0.000	0.519	0.668
-1.700	-0.744	0.000	0.445	0.507
-1.460	-0.626	0.000	0.345	0.323
-1.524	-0.659	0.000	0.376	0.386
-1.535	-0.673	0.000	0.404	0.462
-1.595	-0.711	0.000	0.452	0.576
-1.730	-0.790	0.000	0.546	0.792
-1.918	-0.890	0.000	0.645	0.993
-1.987	-0.937	0.000	0.708	1.149
-2.078	-0.981	0.000	0.747	1.220
-2.020	-0.959	0.000	0.741	1.231
-2.009	-0.953	0.000	0.732	1.209
-1.903	-0.906	0.000	0.705	1.181
-1.930	-0.914	0.000	0.701	1.156
-1.257	-0.609	0.000	0.492	0.857
-1.416	-0.688	0.000	0.561	0.986
-1.253	-0.608	0.000	0.494	0.864
-1.514	-0.735	0.000	0.598	1.050
-1.383	-0.665	0.000	0.529	0.906
-1.616	-0.779	0.000	0.626	1.083
-1.301	-0.614	0.000	0.464	0.752
-1.433	-0.674	0.000	0.507	0.818
-1.011	-0.449	0.000	0.281	0.349
-0.953	-0.412	0.000	0.233	0.236
-0.662	-0.245	0.000	0.044	-0.186
-0.748	-0.291	0.000	0.091	-0.087
-0.490	-0.152	0.000	-0.051	-0.387
-1.192	-0.502	0.000	0.255	0.187
-1.312	-0.557	0.000	0.294	0.245
-1.814	-0.826	0.000	0.569	0.819
-1.720	-0.795	0.000	0.575	0.885
-2.054	-0.983	0.000	0.781	1.337
-1.832	-0.880	0.000	0.710	1.232
-1.817	-0.893	0.000	0.762	1.394
-1.434	-0.707	0.000	0.611	1.132
-1.276	-0.641	0.000	0.578	1.109
-0.948	-0.481	0.000	0.447	0.876
-0.652	-0.343	0.000	0.346	0.718
-0.276	-0.159	0.000	0.193	0.446
0.074	0.004	0.000	0.073	0.258
0.404	0.165	0.000	-0.062	0.015
0.725	0.316	0.000	-0.175	-0.165
0.973	0.444	0.000	-0.297	-0.410
1.357	0.623	0.000	-0.429	-0.617
1.550	0.736	0.000	-0.561	-0.918
1.834	0.873	0.000	-0.673	-1.115
1.762	0.870	0.000	-0.738	-1.345
1.996	0.993	0.000	-0.859	-1.592
1.777	0.923	0.000	-0.878	-1.756
1.693	0.881	0.000	-0.844	-1.697
1.189	0.665	0.000	-0.728	-1.595
1.339	0.715	0.000	-0.722	-1.506
1.320	0.708	0.000	-0.724	-1.521
1.423	0.724	0.000	-0.667	-1.303
1.443	0.720	0.000	-0.640	-1.213
1.691	0.806	0.000	-0.639	-1.090
1.574	0.748	0.000	-0.590	-1.002
1.780	0.823	0.000	-0.602	-0.941
1.602	0.744	0.000	-0.553	-0.880
1.689	0.775	0.000	-0.556	-0.846
1.471	0.677	0.000	-0.492	-0.762
1.615	0.740	0.000	-0.530	-0.807
1.490	0.686	0.000	-0.501	-0.778
1.615	0.740	0.000	-0.531	-0.808
1.471	0.677	0.000	-0.493	-0.764
1.689	0.775	0.000	-0.557	-0.849
1.603	0.745	0.000	-0.554	-0.883
1.781	0.824	0.000	-0.604	-0.944
1.576	0.749	0.000	-0.591	-1.006
1.693	0.807	0.000	-0.640	-1.094
1.445	0.722	0.000	-0.641	-1.216
1.426	0.725	0.000	-0.669	-1.306
1.323	0.710	0.000	-0.725	-1.524
1.343	0.716	0.000	-0.724	-1.509
1.194	0.667	0.000	-0.730	-1.599
1.698	0.884	0.000	-0.846	-1.700
1.783	0.925	0.000	-0.880	-1.759
2.003	0.996	0.000	-0.861	-1.596
1.769	0.873	0.000	-0.741	-1.349
1.841	0.876	0.000	-0.676	-1.120
1.557	0.739	0.000	-0.563	-0.922
1.364	0.627	0.000	-0.431	-0.621
0.979	0.447	0.000	-0.299	-0.414
0.731	0.319	0.000	-0.177	-0.169
0.409	0.168	0.000	-0.064	0.011
0.079	0.006	0.000	0.071	0.253
-0.272	-0.157	0.000	0.191	0.440
-0.647	-0.340	0.000	0.343	0.712
-0.942	-0.478	0.000	0.443	0.869
-1.269	-0.637	0.000	0.574	1.101
-1.426	-0.703	0.000	0.607	1.123
-1.809	-0.889	0.000	0.758	1.385
-1.824	-0.876	0.000	0.706	1.223
-2.045	-0.978	0.000	0.777	1.328
-1.712	-0.791	0.000	0.571	0.877
-1.807	-0.822	0.000	0.565	0.812
-1.307	-0.554	0.000	0.292	0.240
-1.189	-0.500	0.000	0.254	0.183
-0.488	-0.151	0.000	-0.052	-0.389
-0.748	-0.291	0.000	0.091	-0.087
-0.663	-0.246	0.000	0.045	-0.184
-0.954	-0.413	0.000	0.234	0.238
-1.014	-0.450	0.000	0.282	0.352
-1.436	-0.676	0.000	0.509	0.822
-1.304	-0.615	0.000	0.465	0.756
-1.619	-0.781	0.000	0.628	1.086
-1.386	-0.666	0.000	0.530	0.909
-1.516	-0.736	0.000	0.600	1.053
-1.256	-0.609	0.000	0.495	0.867
-1.417	-0.689	0.000	0.562	0.987
-0.696	-0.341	0.000	0.280	0.494
-0.751	-0.357	0.000	0.270	0.439
-0.662	-0.324	0.000	0.267	0.472
-0.806	-0.379	0.000	0.281	0.445
-0.769	-0.366	0.000	0.281	0.463
-0.824	-0.377	0.000	0.257	0.366
-0.617	-0.276	0.000	0.176	0.224
-0.573	-0.234	0.000	0.097	0.012
-0.301	-0.095	0.000	-0.029	-0.232
-0.093	0.031	0.000	-0.185	-0.594
0.070	0.120	0.000	-0.276	-0.785
0.356	0.280	0.000	-0.449	-1.164
0.572	0.389	0.000	-0.546	-1.347
-0.092	0.065	0.000	-0.277	-0.867
-0.591	-0.200	0.000	-0.011	-0.316
-1.135	-0.472	0.000	0.227	0.129
-1.265	-0.567	0.000	0.372	0.498
-1.553	-0.716	0.000	0.515	0.786
-1.507	-0.719	0.000	0.571	0.976
-1.462	-0.703	0.000	0.571	0.997
-1.239	-0.615	0.000	0.539	1.011
-1.082	-0.536	0.000	0.471	0.883
-0.881	-0.453	0.000	0.435	0.874
-0.584	-0.302	0.000	0.296	0.604
-0.315	-0.183	0.000	0.224	0.518
0.039	-0.004	0.000	0.060	0.203
0.272	0.099	0.000	-0.003	0.127
0.601	0.271	0.000	-0.169	-0.207
0.758	0.344	0.000	-0.223	-0.295
1.143	0.545	0.000	-0.416	-0.681
1.262	0.608	0.000	-0.481	-0.818
1.539	0.764	0.000	-0.654	-1.201
1.400	0.714	0.000	-0.650	-1.255
1.565	0.824	0.000	-0.804	-1.638
1.181	0.660	0.000	-0.716	-1.561
0.962	0.587	0.000	-0.728	-1.702
0.435	0.351	0.000	-0.576	-1.507
0.625	0.429	0.000	-0.613	-1.525
0.747	0.457	0.000	-0.572	-1.345
0.855	0.492	0.000	-0.568	-1.281
0.881	0.472	0.000	-0.485	-1.024
1.101	0.560	0.000	-0.521	-1.025
1.006	0.491	0.000	-0.417	-0.761
1.215	0.582	0.000	-0.473	-0.827
1.066	0.495	0.000	-0.372	-0.600
1.153	0.539	0.000	-0.412	-0.675
0.925	0.418	0.000	-0.293	-0.433
1.093	0.506	0.000	-0.378	-0.604
0.964	0.435	0.000	-0.304	-0.446
1.093	0.506	0.000	-0.378	-0.605
0.925	0.418	0.000	-0.294	-0.434
1.153	0.539	0.000	-0.412	-0.677
1.066	0.496	0.000	-0.374	-0.604
1.215	0.583	0.000	-0.474	-0.830
1.008	0.492	0.000	-0.418	-0.764
1.102	0.561	0.000	-0.523	-1.028
0.882	0.473	0.000	-0.486	-1.027
0.857	0.493	0.000	-0.569	-1.284
0.749	0.458	0.000	-0.573	-1.348
0.628	0.431	0.000	-0.614	-1.528
0.439	0.353	0.000	-0.578	-1.510
0.966	0.589	0.000	-0.729	-1.704
1.186	0.662	0.000	-0.717	-1.563
1.571	0.827	0.000	-0.806	-1.640
1.406	0.716	0.000	-0.651	-1.257
1.545	0.767	0.000	-0.656	-1.203
1.267	0.610	0.000	-0.482	-0.820
1.147	0.547	0.000	-0.417	-0.683
0.762	0.346	0.000	-0.225	-0.296
0.605	0.273	0.000	-0.170	-0.209
0.274	0.101	0.000	-0.004	0.125
0.041	-0.002	0.000	0.059	0.200
-0.313	-0.182	0.000	0.222	0.515
-0.581	-0.300	0.000	0.294	0.599
-0.877	-0.451	0.000	0.432	0.868
-1.077	-0.533	0.000	0.468	0.876
-1.234	-0.612	0.000	0.536	1.004
-1.455	-0.700	0.000	0.567	0.989
-1.500	-0.716	0.000	0.568	0.968
-1.546	-0.712	0.000	0.511	0.778
-1.259	-0.564	0.000	0.368	0.491
-1.129	-0.469	0.000	0.224	0.124
-0.587	-0.198	0.000	-0.013	-0.320
-0.090	0.066	0.000	-0.278	-0.869
0.573	0.389	0.000	-0.547	-1.348
0.355	0.279	0.000	-0.449	-1.163
0.068	0.119	0.000	-0.274	-0.782
-0.096	0.030	0.000	-0.183	-0.590
-0.304	-0.097	0.000	-0.027	-0.228
-0.577	-0.236	0.000	0.099	0.016
-0.620	-0.279	0.000	0.178	0.229
-0.828	-0.379	0.000	0.259	0.371
-0.773	-0.368	0.000	0.283	0.468
-0.809	-0.381	0.000	0.283	0.449
-0.665	-0.326	0.000	0.268	0.476
-0.753	-0.357	0.000	0.271	0.441
-0.040	-0.049	0.000	0.094	0.256
-0.231	-0.132	0.000	0.142	0.307
0.014	-0.022	0.000	0.069	0.209
-0.276	-0.148	0.000	0.144	0.291
-0.071	-0.050	0.000	0.065	0.157
-0.288	-0.141	0.000	0.111	0.189
0.112	0.059	0.000	-0.063	-0.136
-0.018	0.015	0.000	-0.066	-0.206
0.437	0.248	0.000	-0.282	-0.628
0.506	0.305	0.000	-0.374	-0.870
0.794	0.458	0.000	-0.527	-1.184
0.978	0.565	0.000	-0.650	-1.460
1.696	0.935	0.000	-0.998	-2.150
0.384	0.281	0.000	-0.425	-1.077
-0.067	0.041	0.000	-0.183	-0.577
-0.809	-0.331	0.000	0.147	0.048
-0.829	-0.372	0.000	0.244	0.330
-1.298	-0.616	0.000	0.482	0.812
-1.211	-0.596	0.000	0.511	0.939
-1.322	-0.663	0.000	0.595	1.136
-1.084	-0.563	0.000	0.546	1.106
-1.049	-0.549	0.000	0.542	1.112
-0.871	-0.475	0.000	0.506	1.091
-0.667	-0.372	0.000	0.416	0.920
-0.438	-0.269	0.000	0.348	0.828
-0.148	-0.123	0.000	0.217	0.579
0.032	-0.039	0.000	0.157	0.488
0.319	0.110	0.000	0.015	0.204
0.410	0.160	0.000	-0.038	0.091
0.785	0.351	0.000	-0.214	-0.253
0.822	0.386	0.000	-0.278	-0.426
1.113	0.543	0.000	-0.442	-0.775
0.872	0.455	0.000	-0.431	-0.859
1.128	0.604	0.000	-0.607	-1.260
0.607	0.383	0.000	-0.492	-1.171
0.418	0.321	0.000	-0.503	-1.297
-0.543	-0.092	0.000	-0.279	-1.095
-0.059	0.097	0.000	-0.340	-1.041
0.001	0.100	0.000	-0.290	-0.865
0.188	0.165	0.000	-0.292	-0.781
0.111	0.101	0.000	-0.186	-0.503
0.450	0.235	0.000	-0.234	-0.485
0.219	0.106	0.000	-0.096	-0.186
0.558	0.249	0.000	-0.170	-0.241
0.279	0.105	0.000	-0.036	0.021
0.485	0.197	0.000	-0.095	-0.055
0.135	0.022	0.000	0.057	0.228
0.421	0.160	0.000	-0.053	0.038
0.181	0.041	0.000	0.049	0.227
0.421	0.160	0.000	-0.054	0.037
0.134	0.022	0.000	0.056	0.226
0.485	0.197	0.000	-0.096	-0.058
0.279	0.106	0.000	-0.037	0.018
0.558	0.249	0.000	-0.171	-0.245
0.220	0.107	0.000	-0.098	-0.189
0.451	0.236	0.000	-0.236	-0.488
0.112	0.102	0.000	-0.187	-0.506
0.189	0.166	0.000	-0.293	-0.784
0.003	0.101	0.000	-0.290	-0.866
-0.057	0.098	0.000	-0.340	-1.042
-0.540	-0.090	0.000	-0.280	-1.096
0.421	0.322	0.000	-0.504	-1.298
0.610	0.384	0.000	-0.493	-1.171
1.132	0.606	0.000	-0.608	-1.260
0.875	0.456	0.000	-0.431	-0.859
1.117	0.545	0.000	-0.443	-0.775
0.825	0.387	0.000	-0.278	-0.426
0.787	0.352	0.000	-0.214	-0.253
0.412	0.160	0.000	-0.038	0.092
0.320	0.110	0.000	0.015	0.205
0.032	-0.039	0.000	0.157	0.488
-0.149	-0.123	0.000	0.217	0.579
-0.439	-0.269	0.000	0.348	0.828
-0.667	-0.372	0.000	0.415	0.918
-0.870	-0.474	0.000	0.505	1.087
-1.046	-0.548	0.000	0.540	1.107
-1.081	-0.561	0.000	0.543	1.100
-1.317	-0.660	0.000	0.592	1.129
-1.206	-0.593	0.000	0.508	0.933
-1.292	-0.614	0.000	0.479	0.805
-0.825	-0.369	0.000	0.242	0.324
-0.805	-0.329	0.000	0.145	0.044
-0.065	0.042	0.000	-0.185	-0.579
0.385	0.282	0.000	-0.425	-1.078
1.694	0.935	0.000	-0.998	-2.149
0.975	0.563	0.000	-0.648	-1.458
0.790	0.456	0.000	-0.525	-1.180
0.501	0.302	0.000	-0.372	-0.865
0.432	0.246	0.000	-0.279	-0.623
-0.023	0.012	0.000	-0.063	-0.200
0.107	0.056	0.000	-0.060	-0.130
-0.293	-0.144	0.000	0.114	0.195
-0.076	-0.052	0.000	0.068	0.163
-0.280	-0.150	0.000	0.146	0.296
0.010	-0.024	0.000	0.071	0.213
-0.233	-0.133	0.000	0.143	0.309
0.700	0.301	0.000	-0.177	-0.195
0.602	0.279	0.000	-0.212	-0.346
0.775	0.340	0.000	-0.214	-0.270
0.607	0.291	0.000	-0.241	-0.429
0.758	0.351	0.000	-0.261	-0.417
0.678	0.346	0.000	-0.325	-0.646
1.014	0.501	0.000	-0.436	-0.813
0.995	0.529	0.000	-0.535	-1.116
1.344	0.696	0.000	-0.666	-1.337
1.457	0.791	0.000	-0.825	-1.755
1.602	0.859	0.000	-0.875	-1.831
1.801	0.991	0.000	-1.057	-2.278
1.902	1.031	0.000	-1.068	-2.259
1.464	0.824	0.000	-0.910	-2.002
0.758	0.445	0.000	-0.522	-1.188
0.049	0.106	0.000	-0.255	-0.733
-0.215	-0.067	0.000	-0.018	-0.156
-0.669	-0.290	0.000	0.169	0.183
-0.762	-0.375	0.000	0.323	0.598
-0.882	-0.433	0.000	0.372	0.685
-0.826	-0.442	0.000	0.454	0.957
-0.807	-0.422	0.000	0.419	0.861
-0.789	-0.444	0.000	0.500	1.113
-0.590	-0.328	0.000	0.367	0.813
-0.497	-0.307	0.000	0.399	0.952
-0.208	-0.144	0.000	0.218	0.553
-0.150	-0.133	0.000	0.247	0.667
0.137	0.036	0.000	0.045	0.206
0.114	0.019	0.000	0.071	0.271
0.480	0.229	0.000	-0.167	-0.261
0.410	0.199	0.000	-0.154	-0.255
0.686	0.371	0.000	-0.374	-0.777
0.343	0.220	0.000	-0.281	-0.667
0.502	0.342	0.000	-0.476	-1.172
-0.116	0.057	0.000	-0.276	-0.876
-0.407	-0.033	0.000	-0.308	-1.112
-0.795	-0.218	0.000	-0.166	-0.880
-0.595	-0.121	0.000	-0.247	-1.025
-0.661	-0.197	0.000	-0.097	-0.609
-0.481	-0.117	0.000	-0.148	-0.676
-0.648	-0.242	0.000	0.043	-0.187
-0.293	-0.084	0.000	-0.057	-0.315
-0.562	-0.252	0.000	0.154	0.184
-0.184	-0.077	0.000	0.027	-0.011
-0.483	-0.252	0.000	0.233	0.455
-0.231	-0.126	0.000	0.120	0.240
-0.608	-0.334	0.000	0.341	0.716
-0.279	-0.161	0.000	0.171	0.369
-0.555	-0.314	0.000	0.337	0.730
-0.279	-0.161	0.000	0.171	0.368
-0.609	-0.334	0.000	0.341	0.715
-0.232	-0.126	0.000	0.119	0.238
-0.484	-0.252	0.000	0.232	0.452
-0.184	-0.076	0.000	0.026	-0.014
-0.562	-0.251	0.000	0.153	0.181
-0.293	-0.084	0.000	-0.058	-0.318
-0.648	-0.242	0.000	0.042	-0.189
-0.481	-0.117	0.000	-0.149	-0.677
-0.661	-0.197	0.000	-0.097	-0.609
-0.594	-0.120	0.000	-0.248	-1.025
-0.793	-0.217	0.000	-0.166	-0.879
-0.406	-0.033	0.000	-0.308	-1.111
-0.115	0.058	0.000	-0.276	-0.874
0.504	0.343	0.000	-0.476	-1.170
0.345	0.220	0.000	-0.280	-0.665
0.687	0.371	0.000	-0.373	-0.775
0.410	0.199	0.000	-0.153	-0.252
0.480	0.228	0.000	-0.166	-0.258
0.113	0.018	0.000	0.072	0.275
0.134	0.035	0.000	0.047	0.209
-0.154	-0.135	0.000	0.248	0.670
-0.212	-0.145	0.000	0.219	0.556
-0.501	-0.309	0.000	0.400	0.954
-0.593	-0.330	0.000	0.368	0.813
-0.791	-0.445	0.000	0.500	1.112
-0.807	-0.422	0.000	0.418	0.859
-0.826	-0.441	0.000	0.453	0.953
-0.880	-0.432	0.000	0.370	0.681
-0.760	-0.374	0.000	0.322	0.593
-0.666	-0.288	0.000	0.167	0.178
-0.212	-0.066	0.000	-0.020	-0.159
0.050	0.107	0.000	-0.256	-0.736
0.758	0.445	0.000	-0.523	-1.189
1.462	0.823	0.000	-0.910	-2.000
1.899	1.029	0.000	-1.066	-2.257
1.796	0.989	0.000	-1.055	-2.273
1.597	0.856	0.000	-0.872	-1.825
1.451	0.788	0.000	-0.822	-1.748
1.337	0.693	0.000	-0.663	-1.329
0.988	0.526	0.000	-0.532	-1.109
1.008	0.498	0.000	-0.433	-0.805
0.672	0.342	0.000	-0.322	-0.638
0.752	0.348	0.000	-0.258	-0.410
0.602	0.289	0.000	-0.238	-0.423
0.771	0.338	0.000	-0.212	-0.265
0.600	0.278	0.000	-0.211	-0.344
1.451	0.625	0.000	-0.361	-0.384
1.257	0.554	0.000	-0.352	-0.449
1.547	0.676	0.000	-0.412	-0.486
1.293	0.584	0.000	-0.401	-0.578
1.569	0.710	0.000	-0.486	-0.696
1.401	0.661	0.000	-0.513	-0.857
1.860	0.882	0.000	-0.689	-1.158
1.732	0.855	0.000	-0.740	-1.372
2.170	1.071	0.000	-0.922	-1.702
2.146	1.096	0.000	-1.017	-1.994
2.321	1.183	0.000	-1.092	-2.133
2.360	1.234	0.000	-1.199	-2.431
2.498	1.297	0.000	-1.240	-2.486
1.971	1.041	0.000	-1.029	-2.111
1.278	0.672	0.000	-0.658	-1.342
0.475	0.282	0.000	-0.337	-0.774
0.238	0.125	0.000	-0.120	-0.240
-0.333	-0.161	0.000	0.133	0.236
-0.462	-0.261	0.000	0.295	0.658
-0.701	-0.384	0.000	0.410	0.886
-0.700	-0.417	0.000	0.509	1.182
-0.787	-0.455	0.000	0.533	1.211
-0.830	-0.504	0.000	0.632	1.486
-0.720	-0.436	0.000	0.547	1.287
-0.681	-0.436	0.000	0.589	1.430
-0.468	-0.312	0.000	0.445	1.104
-0.458	-0.319	0.000	0.475	1.198
-0.240	-0.184	0.000	0.303	0.792
-0.312	-0.217	0.000	0.325	0.823
-0.005	-0.036	0.000	0.112	0.337
-0.129	-0.082	0.000	0.120	0.301
0.101	0.065	0.000	-0.076	-0.173
-0.294	-0.103	0.000	0.012	-0.102
-0.133	0.016	0.000	-0.171	-0.568
-0.790	-0.280	0.000	0.024	-0.307
-1.100	-0.386	0.000	0.016	-0.482
-1.517	-0.577	0.000	0.147	-0.294
-1.327	-0.492	0.000	0.090	-0.372
-1.502	-0.612	0.000	0.262	0.053
-1.331	-0.543	0.000	0.232	0.047
-1.593	-0.708	0.000	0.443	0.547
-1.199	-0.540	0.000	0.351	0.466
-1.554	-0.745	0.000	0.586	0.992
-1.108	-0.547	0.000	0.460	0.832
-1.481	-0.756	0.000	0.687	1.327
-1.154	-0.602	0.000	0.569	1.135
-1.602	-0.842	0.000	0.810	1.635
-1.195	-0.638	0.000	0.630	1.295
-1.542	-0.821	0.000	0.811	1.664
-1.196	-0.638	0.000	0.630	1.294
-1.603	-0.842	0.000	0.810	1.634
-1.155	-0.602	0.000	0.569	1.133
-1.482	-0.756	0.000	0.686	1.324
-1.108	-0.547	0.000	0.459	0.830
-1.554	-0.745	0.000	0.585	0.989
-1.199	-0.540	0.000	0.351	0.464
-1.594	-0.708	0.000	0.442	0.546
-1.332	-0.544	0.000	0.232	0.047
-1.503	-0.613	0.000	0.262	0.053
-1.328	-0.492	0.000	0.091	-0.370
-1.518	-0.577	0.000	0.148	-0.292
-1.101	-0.387	0.000	0.017	-0.479
-0.790	-0.281	0.000	0.026	-0.303
-0.133	0.015	0.000	-0.169	-0.564
-0.295	-0.104	0.000	0.014	-0.097
0.099	0.064	0.000	-0.074	-0.167
-0.132	-0.084	0.000	0.123	0.307
-0.009	-0.039	0.000	0.115	0.344
-0.317	-0.220	0.000	0.328	0.830
-0.246	-0.187	0.000	0.306	0.799
-0.466	-0.323	0.000	0.478	1.205
-0.476	-0.316	0.000	0.448	1.110
-0.689	-0.440	0.000	0.592	1.435
-0.728	-0.440	0.000	0.550	1.290
-0.836	-0.507	0.000	0.634	1.488
-0.791	-0.457	0.000	0.534	1.212
-0.703	-0.418	0.000	0.510	1.181
-0.702	-0.384	0.000	0.410	0.885
-0.463	-0.262	0.000	0.295	0.656
-0.333	-0.160	0.000	0.132	0.234
0.238	0.125	0.000	-0.120	-0.242
0.474	0.282	0.000	-0.337	-0.774
1.275	0.671	0.000	-0.658	-1.341
1.967	1.039	0.000	-1.027	-2.108
2.493	1.294	0.000	-1.238	-2.482
2.353	1.231	0.000	-1.196	-2.424
2.313	1.179	0.000	-1.088	-2.125
2.138	1.092	0.000	-1.013	-1.985
2.162	1.067	0.000	-0.918	-1.692
1.723	0.851	0.000	-0.735	-1.362
1.852	0.877	0.000	-0.684	-1.148
1.394	0.657	0.000	-0.509	-0.848
1.563	0.706	0.000	-0.482	-0.687
1.287	0.581	0.000	-0.398	-0.571
1.543	0.673	0.000	-0.409	-0.481
1.255	0.553	0.000	-0.351	-0.447
2.338	1.015	0.000	-0.602	-0.674
2.160	0.961	0.000	-0.623	-0.824
2.455	1.078	0.000	-0.666	-0.808
2.239	1.015	0.000	-0.700	-1.014
2.538	1.147	0.000	-0.780	-1.105
2.406	1.127	0.000	-0.852	-1.385
2.876	1.348	0.000	-1.020	-1.655
2.753	1.335	0.000	-1.103	-1.960
3.157	1.528	0.000	-1.255	-2.219
3.076	1.535	0.000	-1.352	-2.546
3.150	1.566	0.000	-1.367	-2.551
3.056	1.556	0.000	-1.432	-2.789
3.091	1.563	0.000	-1.415	-2.721
2.684	1.367	0.000	-1.257	-2.447
1.957	0.979	0.000	-0.864	-1.629
1.134	0.586	0.000	-0.556	-1.108
0.802	0.375	0.000	-0.278	-0.440
0.167	0.064	0.000	-0.015	0.036
-0.083	-0.105	0.000	0.223	0.627
-0.403	-0.263	0.000	0.359	0.877
-0.535	-0.371	0.000	0.542	1.358
-0.692	-0.438	0.000	0.580	1.397
-0.856	-0.556	0.000	0.756	1.841
-0.799	-0.506	0.000	0.672	1.620
-0.865	-0.566	0.000	0.777	1.901
-0.690	-0.451	0.000	0.621	1.523
-0.778	-0.510	0.000	0.704	1.727
-0.593	-0.379	0.000	0.512	1.244
-0.762	-0.461	0.000	0.580	1.365
-0.490	-0.285	0.000	0.344	0.794
-0.716	-0.382	0.000	0.398	0.845
-0.515	-0.237	0.000	0.180	0.293
-1.005	-0.454	0.000	0.315	0.459
-0.867	-0.338	0.000	0.116	-0.067
-1.594	-0.675	0.000	0.358	0.300
-1.915	-0.783	0.000	0.346	0.110
-2.244	-0.939	0.000	0.464	0.300
-2.096	-0.867	0.000	0.404	0.193
-2.414	-1.058	0.000	0.633	0.719
-2.276	-0.996	0.000	0.592	0.665
-2.654	-1.224	0.000	0.869	1.306
-2.249	-1.046	0.000	0.760	1.176
-2.676	-1.296	0.000	1.052	1.838
-2.186	-1.074	0.000	0.901	1.626
-2.611	-1.319	0.000	1.181	2.255
-2.226	-1.135	0.000	1.032	1.997
-2.717	-1.406	0.000	1.321	2.619
-2.257	-1.171	0.000	1.104	2.195
-2.652	-1.386	0.000	1.327	2.668
-2.257	-1.171	0.000	1.104	2.194
-2.718	-1.406	0.000	1.321	2.618
-2.227	-1.135	0.000	1.032	1.995
-2.612	-1.320	0.000	1.181	2.252
-2.188	-1.075	0.000	0.900	1.623
-2.677	-1.297	0.000	1.051	1.836
-2.251	-1.047	0.000	0.760	1.175
-2.656	-1.225	0.000	0.869	1.306
-2.278	-0.997	0.000	0.593	0.666
-2.417	-1.059	0.000	0.634	0.721
-2.098	-0.868	0.000	0.406	0.196
-2.247	-0.940	0.000	0.466	0.305
-1.918	-0.785	0.000	0.349	0.116
-1.597	-0.677	0.000	0.361	0.307
-0.871	-0.340	0.000	0.119	-0.059
-1.009	-0.457	0.000	0.319	0.468
-0.521	-0.240	0.000	0.184	0.302
-0.722	-0.386	0.000	0.402	0.855
-0.498	-0.289	0.000	0.349	0.805
-0.772	-0.466	0.000	0.585	1.376
-0.604	-0.384	0.000	0.517	1.255
-0.790	-0.516	0.000	0.710	1.738
-0.702	-0.457	0.000	0.627	1.533
-0.877	-0.572	0.000	0.782	1.910
-0.810	-0.512	0.000	0.676	1.627
-0.866	-0.561	0.000	0.759	1.846
-0.700	-0.442	0.000	0.583	1.400
-0.542	-0.375	0.000	0.544	1.360
-0.408	-0.265	0.000	0.360	0.878
-0.088	-0.107	0.000	0.225	0.628
0.163	0.062	0.000	-0.014	0.036
0.798	0.373	0.000	-0.277	-0.439
1.130	0.585	0.000	-0.555	-1.106
1.951	0.976	0.000	-0.862	-1.626
2.678	1.364	0.000	-1.254	-2.441
3.084	1.559	0.000	-1.411	-2.714
3.048	1.551	0.000	-1.427	-2.781
3.141	1.561	0.000	-1.362	-2.541
3.066	1.529	0.000	-1.347	-2.535
3.147	1.523	0.000	-1.250	-2.207
2.743	1.329	0.000	-1.097	-1.949
2.867	1.343	0.000	-1.015	-1.644
2.397	1.122	0.000	-0.847	-1.375
2.530	1.143	0.000	-0.775	-1.095
2.232	1.012	0.000	-0.696	-1.006
2.450	1.076	0.000	-0.663	-0.801
2.157	0.959	0.000	-0.622	-0.821
3.413	1.483	0.000	-0.879	-0.984
3.361	1.492	0.000	-0.956	-1.239
3.535	1.552	0.000	-0.953	-1.144
3.494	1.578	0.000	-1.068	-1.506
3.697	1.663	0.000	-1.112	-1.538
3.739	1.735	0.000	-1.273	-1.997
4.075	1.892	0.000	-1.391	-2.183
4.091	1.953	0.000	-1.548	-2.642
4.352	2.078	0.000	-1.646	-2.806
4.277	2.091	0.000	-1.757	-3.173
4.231	2.064	0.000	-1.724	-3.097
4.012	1.993	0.000	-1.738	-3.243
3.859	1.910	0.000	-1.649	-3.051
3.487	1.729	0.000	-1.500	-2.784
2.752	1.337	0.000	-1.104	-1.958
1.967	0.961	0.000	-0.804	-1.446
1.408	0.636	0.000	-0.427	-0.592
0.788	0.332	0.000	-0.169	-0.122
0.284	0.033	0.000	0.193	0.712
-0.061	-0.137	0.000	0.338	0.979
-0.430	-0.368	0.000	0.637	1.693
-0.618	-0.451	0.000	0.688	1.753
-0.937	-0.648	0.000	0.940	2.352
-0.938	-0.625	0.000	0.875	2.159
-1.113	-0.740	0.000	1.031	2.539
-1.014	-0.657	0.000	0.892	2.172
-1.166	-0.747	0.000	1.000	2.421
-1.077	-0.654	0.000	0.821	1.932
-1.273	-0.749	0.000	0.899	2.069
-1.151	-0.632	0.000	0.685	1.493
-1.396	-0.739	0.000	0.747	1.557
-1.364	-0.662	0.000	0.558	1.010
-1.832	-0.870	0.000	0.687	1.169
-1.871	-0.831	0.000	0.534	0.695
-2.547	-1.144	0.000	0.759	1.035
-2.874	-1.256	0.000	0.753	0.859
-3.159	-1.392	0.000	0.857	1.029
-3.186	-1.402	0.000	0.857	1.017
-3.606	-1.639	0.000	1.118	1.590
-3.575	-1.628	0.000	1.115	1.596
-3.978	-1.874	0.000	1.418	2.301
-3.705	-1.757	0.000	1.353	2.240
-4.059	-1.983	0.000	1.650	2.954
-3.698	-1.821	0.000	1.544	2.811
-4.017	-2.029	0.000	1.818	3.474
-3.727	-1.888	0.000	1.702	3.270
-4.091	-2.107	0.000	1.969	3.886
-3.744	-1.924	0.000	1.788	3.516
-4.042	-2.097	0.000	1.990	3.972
-3.744	-1.924	0.000	1.788	3.515
-4.092	-2.108	0.000	1.969	3.885
-3.729	-1.889	0.000	1.702	3.268
-4.019	-2.030	0.000	1.818	3.473
-3.700	-1.822	0.000	1.543	2.809
-4.061	-1.985	0.000	1.650	2.952
-3.708	-1.758	0.000	1.353	2.240
-3.982	-1.875	0.000	1.418	2.302
-3.578	-1.629	0.000	1.116	1.598
-3.609	-1.641	0.000	1.120	1.594
-3.188	-1.403	0.000	0.859	1.021
-3.164	-1.395	0.000	0.860	1.036
-2.881	-1.260	0.000	0.758	0.870
-2.554	-1.149	0.000	0.764	1.046
-1.878	-0.836	0.000	0.540	0.707
-1.840	-0.875	0.000	0.693	1.183
-1.374	-0.668	0.000	0.564	1.024
-1.408	-0.745	0.000	0.754	1.572
-1.165	-0.639	0.000	0.693	1.509
-1.288	-0.757	0.000	0.907	2.085
-1.094	-0.662	0.000	0.829	1.949
-1.184	-0.756	0.000	1.008	2.437
-1.033	-0.666	0.000	0.900	2.186
-1.131	-0.749	0.000	1.039	2.553
-0.955	-0.634	0.000	0.882	2.170
-0.952	-0.656	0.000	0.946	2.362
-0.632	-0.457	0.000	0.693	1.761
-0.442	-0.374	0.000	0.641	1.699
-0.072	-0.142	0.000	0.342	0.984
0.275	0.028	0.000	0.196	0.716
0.779	0.328	0.000	-0.166	-0.118
1.400	0.633	0.000	-0.424	-0.587
1.959	0.957	0.000	-0.801	-1.440
2.743	1.333	0.000	-1.100	-1.952
3.476	1.724	0.000	-1.495	-2.776
3.849	1.905	0.000	-1.645	-3.041
4.003	1.988	0.000	-1.733	-3.232
4.220	2.058	0.000	-1.718	-3.084
4.264	2.084	0.000	-1.750	-3.159
4.340	2.071	0.000	-1.639	-2.792
4.079	1.946	0.000	-1.541	-2.628
4.064	1.886	0.000	-1.384	-2.169
3.728	1.729	0.000	-1.267	-1.984
3.687	1.658	0.000	-1.106	-1.526
3.487	1.574	0.000	-1.063	-1.496
3.530	1.549	0.000	-0.950	-1.137
3.358	1.491	0.000	-0.955	-1.235
-0.662	-0.245	0.000	0.044	-0.186
-1.312	-0.557	0.000	0.294	0.245
1.777	0.923	0.000	-0.878	-1.756
1.320	0.708	0.000	-0.724	-1.521
1.323	0.710	0.000	-0.725	-1.524
1.783	0.925	0.000	-0.880	-1.759
-1.307	-0.554	0.000	0.292	0.240
-0.663	-0.246	0.000	0.045	-0.184
1.696	0.935	0.000	-0.998	-2.150
-0.543	-0.092	0.000	-0.279	-1.095
-0.540	-0.090	0.000	-0.280	-1.096
1.694	0.935	0.000	-0.998	-2.149
