1.971
0.294
0.212
-1.003
-2.088
-3.085
-13.865
2.121
0.179
-0.06
-0.795
-2.2
-2.735
-13.865
1.619
-0.289
-0.211
-1.14
-2.451
-2.821
-13.865
2.685
0.686
1.16
0.087
-0.785
-1.066
-13.865
2.308
0.421
0.447
-0.184
-0.877
-1.203
-13.865
2.283
0.301
0.1
-0.18
-0.605
-0.464
-13.865
1.107
-0.64
-0.336
-0.057
-0.361
-0.298
-13.865
0.605
-0.902
-0.179
-0.12
-0.363
0.045
-13.865
1.075
-0.504
0.406
0.258
0.32
0.932
-13.865
1.134
-0.251
0.523
0.554
0.565
0.817
-13.865
0.46
-0.863
0.659
-0.006
0.191
0.924
-13.865
0.658
-1.088
0.131
-0.211
0.275
1.156
-13.865
0.57
-0.784
-0.276
-0.188
0.616
1.219
-13.865
1.211
-0.428
0.035
0.183
0.922
1.246
-13.865
0.991
-0.381
0.037
0.096
0.511
0.803
-13.865
1.413
0.13
0.574
0.233
0.6
0.599
-13.865
0.982
0.071
0.224
-0.383
-0.217
-0.31
-13.865
1.218
1.205
0.267
0.023
-0.358
-0.574
-13.865
1.042
0.226
-0.182
-0.604
-1.108
-1.353
-13.865
1.368
0.213
0.034
-0.694
-1.079
-1.966
-13.865
1.551
0.426
0.001
-1.014
-1.463
-2.233
-13.865
1.933
0.697
0.044
-0.804
-1.601
-2.171
-13.865
1.009
-0.107
-0.629
-1.721
-2.853
-3.642
-13.865
1.82
0.467
-0.312
-1.488
-2.235
-3.113
-13.865
1.894
0.261
-0.208
-1.674
-3.082
-4.32
-5.247
2.426
0.857
0.405
-1.009
-2.52
-3.488
-5.247
2.171
0.265
-0.042
-1.334
-2.703
-3.64
-5.247
2.2
0.506
-0.011
-1.088
-2.045
-2.862
-5.247
1.792
0.17
-0.145
-1.009
-1.852
-2.382
-5.247
1.623
-0.044
-0.351
-0.796
-1.362
-1.61
-5.247
0.924
-0.342
-0.357
-0.407
-0.534
-0.686
-5.247
0.423
-0.666
-0.251
-0.059
-0.022
0.178
-5.247
0.617
-0.644
0.075
0.344
0.509
1.113
-5.247
0.346
-0.985
0.27
0.232
0.724
1.466
-5.247
0.663
-0.893
0.299
0.197
0.964
1.978
-5.247
0.601
-0.954
-0.091
0.205
0.794
2.108
-5.247
0.568
-0.702
-0.031
0.413
1.176
2.143
-5.247
0.705
-0.578
0.071
0.071
0.935
2.028
-5.247
0.524
-0.576
-0.11
-0.019
0.769
1.477
-5.247
0.608
-0.601
-0.069
-0.188
0.451
0.788
-5.247
0.946
-0.04
0.215
-0.253
0.277
0.428
-5.247
0.832
-0.268
-0.266
-0.591
-0.548
-0.694
-5.247
1.179
0.002
-0.324
-0.633
-1.127
-1.544
-5.247
1.596
0.386
-0.121
-0.995
-1.335
-2.078
-5.247
1.626
0.458
0.146
-1.15
-1.682
-2.839
-5.247
1.937
0.686
0.09
-1.259
-2.181
-3.496
-5.247
1.959
0.327
-0.207
-1.627
-2.898
-4.09
-5.247
2.439
0.838
0.237
-1.3
-2.579
-3.834
-5.247
2.793
1.559
0.459
-1.27
-2.885
-4.406
0.619
2.823
1.463
0.447
-1.308
-2.881
-4.496
0.619
2.914
1.487
0.74
-1.222
-2.716
-4.277
0.619
3.03
1.535
0.578
-1.302
-2.929
-4.366
0.619
2.793
1.276
0.51
-1.168
-2.653
-3.734
0.619
2.814
1.359
0.441
-1.071
-2.45
-3.589
0.619
2.717
1.217
0.506
-0.744
-1.887
-2.92
0.619
2.213
0.7
0.058
-1.113
-2.193
-3.281
0.619
2.452
0.904
0.323
-0.801
-1.69
-2.599
0.619
2.293
0.572
0
-1.002
-2.103
-3.062
0.619
2.007
0.205
-0.153
-0.794
-1.426
-2.349
0.619
1.934
0.324
0.025
-0.537
-1.183
-1.557
0.619
1.639
0.377
0.252
-0.232
-0.748
-0.743
0.619
1.143
0.029
0.134
-0.048
-0.261
-0.368
0.619
1.206
0.008
0.447
0.319
0.262
0.397
0.619
0.505
-0.537
0.034
0.268
0.279
0.592
0.619
1.132
-0.028
0.633
0.727
1.011
1.347
0.619
0.773
-0.454
0.424
0.562
0.941
1.525
0.619
0.503
-0.721
0.283
0.398
0.913
1.529
0.619
0.049
-1.042
0.141
0.368
0.929
1.845
0.619
0.34
-0.74
0.355
0.463
1.121
2.212
0.619
0.339
-0.905
0.083
0.41
1.371
2.76
0.619
0.811
-0.72
0.379
0.71
1.529
2.973
0.619
0.413
-0.857
0.129
0.512
1.264
2.884
0.619
0.414
-0.739
0.024
0.51
1.156
2.765
0.619
0.31
-0.856
-0.155
0.339
1.068
2.692
0.619
0.59
-0.654
0.264
0.546
1.249
2.777
0.619
0.776
-0.452
0.133
0.642
1.633
3.011
0.619
0.514
-0.385
0.198
0.424
1.388
2.316
0.619
0.241
-0.82
-0.333
0.004
0.932
1.746
0.619
1.072
-0.095
0.6
0.49
1.401
1.878
0.619
0.384
-0.68
0.211
-0.144
0.643
1.13
0.619
0.267
-0.523
-0.022
-0.012
0.492
0.81
0.619
0.695
-0.309
0.188
-0.011
0.796
0.856
0.619
1.217
0.385
0.6
0.497
0.894
0.758
0.619
0.98
0.053
0.104
0.048
0.095
-0.194
0.619
1.029
-0.239
-0.303
-0.523
-0.696
-1.052
0.619
1.244
-0.157
-0.319
-0.901
-1.184
-1.869
0.619
1.659
0.181
-0.124
-0.806
-1.017
-2.09
0.619
2.314
0.597
0.117
-0.893
-1.461
-2.829
0.619
2.433
0.823
0.503
-0.458
-1.112
-2.516
0.619
1.899
0.587
0.16
-1.101
-1.961
-3.203
0.619
2.287
1.306
0.633
-0.618
-1.6
-2.802
0.619
2.294
1.039
0.436
-0.968
-2.161
-3.585
0.619
2.86
1.367
0.694
-0.863
-2.003
-3.452
0.619
2.496
0.741
-0.346
-1.955
-3.492
-5.104
0.619
2.155
0.646
-0.162
-2
-3.36
-4.947
0.619
2.363
0.796
-0.122
-1.819
-3.479
-4.944
0.619
3
1.315
0.08
-1.845
-3.671
-5.487
5.121
2.628
1.264
0.127
-1.829
-3.785
-5.403
5.121
2.829
1.442
0.409
-1.723
-3.626
-5.412
5.121
3.079
1.627
0.399
-1.533
-3.256
-5.07
5.121
2.735
1.224
0.138
-1.707
-3.448
-4.947
5.121
2.585
1.284
0.153
-1.501
-3.167
-4.529
5.121
2.574
1.088
0.241
-1.229
-2.776
-4.01
5.121
2.58
1.106
0.425
-0.92
-2.355
-3.643
5.121
1.922
0.527
-0.059
-1.209
-2.564
-3.871
5.121
2.017
0.458
-0.182
-1.171
-2.398
-3.546
5.121
2.352
0.876
0.38
-0.503
-1.23
-2.254
5.121
1.95
0.722
0.209
-0.452
-1.073
-1.614
5.121
1.22
0.33
0.103
-0.486
-0.68
-0.885
5.121
0.471
-0.407
-0.285
-0.623
-0.599
-0.446
5.121
0.511
-0.492
-0.13
-0.337
-0.136
0.19
5.121
0.307
-0.752
0.217
0.012
0.365
0.826
5.121
0.406
-0.59
0.283
0.358
0.804
1.445
5.121
0.22
-0.699
0.242
0.488
1.004
1.767
5.121
0.387
-0.54
0.361
0.683
1.125
2.21
5.121
0.055
-0.807
0.235
0.609
1.276
2.463
5.121
0.169
-0.957
0.255
0.653
1.396
2.721
5.121
0.278
-1.114
-0.003
0.456
1.502
2.964
5.121
0.407
-0.968
-0.007
0.584
1.684
3.203
5.121
0.393
-0.851
0.116
0.821
1.757
3.412
5.121
0.393
-0.696
-0.024
0.678
1.562
3.334
5.121
0.417
-0.63
0.074
0.642
1.618
3.447
5.121
0.395
-0.602
0.085
0.704
1.564
3.378
5.121
0.415
-0.713
-0.125
0.458
1.602
3.323
5.121
0.292
-0.668
-0.194
0.434
1.582
2.861
5.121
0.294
-0.487
-0.198
0.347
1.451
2.53
5.121
0.322
-0.337
0.081
0.481
1.367
2.256
5.121
0.147
-0.715
-0.199
0.061
0.911
1.652
5.121
0.272
-0.533
-0.059
0.098
0.828
1.39
5.121
-0.004
-0.82
-0.325
-0.344
0.421
0.747
5.121
0.099
-0.665
-0.42
-0.32
0.118
0.242
5.121
0.627
-0.187
-0.178
-0.062
0.135
-0.05
5.121
0.618
-0.4
-0.568
-0.589
-0.741
-1.112
5.121
1.219
0.194
-0.228
-0.755
-1.08
-1.747
5.121
1.561
0.158
-0.167
-0.769
-1.368
-2.495
5.121
1.625
0.152
-0.305
-1.177
-2.029
-3.458
5.121
2.094
0.575
0.059
-1.071
-2.018
-3.478
5.121
2.041
0.704
0.019
-1.078
-2.087
-3.68
5.121
2.334
1.079
0.208
-1.052
-2.344
-3.925
5.121
2.569
1.199
0.313
-1.291
-2.579
-4.363
5.121
2.994
1.307
0.468
-1.386
-2.78
-4.614
5.121
2.816
0.922
0
-2.075
-3.615
-5.626
5.121
2.879
1.282
0.095
-1.9
-3.778
-5.64
5.121
2.87
1.011
-0.121
-1.948
-3.808
-5.833
5.121
3.508
1.526
0.434
-1.337
-3.301
-5.129
7.938
3.286
1.55
0.395
-1.246
-3.425
-5.33
7.938
3.293
1.603
0.381
-1.602
-3.801
-5.711
7.938
3.493
1.966
0.52
-1.402
-3.534
-5.34
7.938
3.285
1.832
0.423
-1.456
-2.993
-4.653
7.938
3.274
1.847
0.649
-1.007
-2.525
-3.944
7.938
2.429
1.015
0.002
-1.159
-2.697
-3.854
7.938
2.466
1.241
0.327
-0.636
-1.784
-3.059
7.938
2.152
0.985
-0.071
-0.751
-1.865
-3.074
7.938
1.834
0.445
-0.462
-1.228
-2.342
-3.328
7.938
2.069
0.6
-0.124
-0.728
-1.645
-2.435
7.938
1.353
0.173
-0.15
-0.734
-1.143
-1.741
7.938
1.077
0.203
-0.01
-0.266
-0.415
-0.643
7.938
0.514
-0.11
-0.167
-0.237
-0.185
0.055
7.938
0.906
0.072
0.396
0.323
0.582
0.97
7.938
0.329
-0.438
0.155
0.214
0.511
1.006
7.938
0.359
-0.417
0.393
0.305
0.785
1.364
7.938
0.153
-0.628
0.287
0.529
0.949
1.757
7.938
0.046
-0.538
0.139
0.44
1.118
1.862
7.938
-0.348
-0.887
-0.003
0.593
1.373
2.74
7.938
0.014
-0.621
0.101
0.607
1.439
2.969
7.938
0.26
-0.811
0.104
0.731
1.625
3.425
7.938
0.326
-0.71
0.204
0.704
1.777
3.418
7.938
0.329
-0.551
0.199
0.897
1.815
3.395
7.938
0.362
-0.358
0.099
0.808
1.83
3.284
7.938
0.225
-0.613
0.133
0.71
1.809
3.444
7.938
0.349
-0.431
0.006
0.594
1.638
3.379
7.938
0.51
-0.193
0.074
0.715
1.669
3.68
7.938
0.315
-0.353
-0.312
0.457
1.515
3.008
7.938
0.062
-0.385
-0.315
0.362
1.482
2.693
7.938
0.044
-0.471
-0.358
0.243
1.044
1.745
7.938
0.005
-0.736
-0.149
0.074
0.804
1.425
7.938
0.272
-0.515
-0.333
0.007
0.677
1.101
7.938
0.18
-0.535
-0.308
-0.218
0.667
0.957
7.938
0.282
-0.307
-0.275
-0.194
0.399
0.599
7.938
0.196
-0.582
-0.483
-0.361
0.05
-0.133
7.938
0.701
-0.209
-0.318
-0.512
-0.636
-0.897
7.938
0.823
-0.365
-0.418
-0.682
-1.143
-1.908
7.938
1.639
0.246
0.008
-0.682
-1.415
-2.48
7.938
1.741
0.399
0.021
-0.748
-1.974
-3.09
7.938
1.823
0.547
0.075
-0.854
-2.111
-3.196
7.938
1.772
0.667
0.084
-0.92
-2.07
-3.315
7.938
1.988
0.8
0.099
-1.077
-2.157
-3.674
7.938
2.613
1.291
0.418
-1.084
-2.558
-4.22
7.938
3.132
1.531
0.397
-1.589
-3.051
-5.102
7.938
3.378
1.279
0.217
-2.022
-3.624
-5.928
7.938
3.511
1.401
0.45
-1.95
-3.662
-5.91
7.938
3.22
1.348
0.249
-1.803
-3.531
-5.593
7.938
3.22
1.552
0.515
-1.378
-3.6
-5.33
9.587
3.255
1.597
0.454
-1.316
-3.574
-5.309
9.587
3.387
1.715
0.53
-1.366
-3.26
-5.199
9.587
3.113
1.82
0.589
-1.365
-3.069
-4.995
9.587
3.032
1.678
0.586
-1.101
-2.607
-4.005
9.587
2.141
1.123
0.031
-1.123
-2.491
-3.632
9.587
2.425
1.294
0.468
-0.514
-1.737
-2.6
9.587
1.821
0.862
-0.115
-0.843
-1.619
-2.659
9.587
1.67
0.839
-0.087
-0.507
-1.336
-2.185
9.587
1.258
0.486
-0.322
-0.662
-1.663
-2.421
9.587
1.08
0.219
-0.284
-0.576
-1.143
-1.717
9.587
0.811
0.02
-0.277
-0.419
-0.843
-1.216
9.587
0.673
-0.069
-0.231
-0.24
-0.22
-0.546
9.587
0.464
-0.092
-0.012
-0.012
0.215
0.176
9.587
0.209
-0.269
-0.025
0.098
0.443
0.744
9.587
-0.027
-0.329
0.075
0.341
0.679
1.073
9.587
-0.049
-0.24
0.273
0.518
0.983
1.657
9.587
-0.185
-0.163
0.4
0.557
0.988
1.782
9.587
-0.491
-0.655
0.03
0.278
0.841
1.747
9.587
-0.561
-0.323
0.118
0.644
1.249
2.36
9.587
-0.257
-0.436
0.233
0.705
1.383
2.652
9.587
-0.068
-0.514
0.325
0.911
1.687
3.175
9.587
-0.047
-0.713
0.085
0.918
1.634
3.241
9.587
-0.089
-0.444
-0.011
0.928
2.002
3.309
9.587
-0.091
-0.471
-0.005
0.834
1.929
3.07
9.587
-0.108
-0.371
0.105
0.69
1.976
3.141
9.587
0.02
-0.402
0.108
0.734
1.885
3.316
9.587
-0.217
-0.573
-0.182
0.495
1.501
3.089
9.587
-0.164
-0.428
-0.042
0.609
1.579
2.699
9.587
-0.072
-0.266
-0.155
0.556
1.51
2.378
9.587
0
-0.355
-0.171
0.535
1.138
1.971
9.587
-0.297
-0.867
-0.335
0.096
0.826
1.4
9.587
-0.042
-0.825
-0.375
0.142
0.725
1.126
9.587
-0.018
-0.845
-0.528
-0.114
0.599
0.647
9.587
-0.071
-0.803
-0.306
-0.147
0.28
0.153
9.587
0.26
-0.468
0.045
-0.131
-0.01
-0.007
9.587
0.484
-0.356
-0.063
-0.113
-0.1
-0.465
9.587
0.576
-0.338
-0.237
-0.411
-0.788
-1.248
9.587
1.032
-0.023
0.262
-0.421
-0.94
-1.632
9.587
0.781
-0.152
-0.276
-1.049
-1.807
-2.554
9.587
1.043
-0.08
-0.229
-0.939
-1.888
-2.879
9.587
1.312
0.188
-0.006
-0.867
-1.818
-2.704
9.587
1.537
0.571
0.159
-0.85
-1.98
-3.057
9.587
2.16
1.048
0.435
-0.836
-2.054
-3.65
9.587
2.588
1.269
0.528
-1.208
-2.469
-4.56
9.587
3.004
1.237
0.315
-1.826
-3.258
-5.481
9.587
3.149
1.245
0.212
-1.838
-3.344
-5.546
9.587
3.284
1.539
0.395
-1.58
-3.429
-5.454
9.587
2.958
1.596
0.356
-1.201
-3.405
-5.062
10.27
3.283
1.632
0.225
-1.447
-3.315
-5.031
10.27
3.102
1.644
0.089
-1.419
-3.472
-5.105
10.27
3.238
1.686
0.25
-1.438
-3.292
-5.074
10.27
3.014
1.506
0.315
-1.66
-3.227
-5.099
10.27
3.196
2.031
0.827
-1.309
-2.888
-4.927
10.27
2.825
1.724
0.432
-1.246
-2.803
-4.563
10.27
2.401
1.303
-0.037
-1.47
-3.06
-4.673
10.27
2.17
1.266
0.213
-0.967
-2.271
-3.368
10.27
1.823
0.993
-0.123
-1.062
-2.321
-3.204
10.27
1.746
1.111
0.061
-0.734
-1.719
-2.483
10.27
1.588
1.065
-0.008
-0.277
-1.232
-1.935
10.27
1.145
0.648
-0.144
-0.478
-1.062
-1.669
10.27
1.431
1.069
0.269
-0.226
-0.833
-1.22
10.27
0.846
0.403
-0.136
-0.587
-1.379
-1.726
10.27
1.114
0.466
-0.059
-0.428
-1.333
-1.706
10.27
0.589
0.26
-0.103
-0.587
-1.214
-1.802
10.27
0.98
0.517
-0.113
-0.418
-1.045
-1.571
10.27
0.689
0.181
-0.368
-0.486
-1.224
-1.517
10.27
0.7
0.227
-0.171
-0.483
-1.076
-1.361
10.27
0.444
0.048
-0.176
-0.361
-0.777
-1.166
10.27
0.701
0.238
0.162
-0.048
-0.558
-0.74
10.27
0.231
-0.046
-0.179
-0.118
-0.578
-0.626
10.27
0.158
-0.12
-0.18
-0.002
-0.418
-0.412
10.27
-0.076
-0.211
0.02
0.073
-0.093
-0.097
10.27
0.307
0.223
0.406
0.459
0.425
0.563
10.27
-0.22
-0.206
0.025
0.056
0.106
0.338
10.27
-0.015
-0.128
0.086
0.117
0.153
0.577
10.27
-0.225
-0.501
-0.004
0.137
0.236
0.473
10.27
-0.145
-0.348
-0.013
0.437
0.455
0.833
10.27
-0.265
-0.375
0.144
0.364
0.739
1.105
10.27
-0.369
-0.34
0.161
0.326
0.755
1.115
10.27
-0.561
-0.217
0.19
0.38
0.983
1.229
10.27
-0.689
-0.424
0.216
0.229
0.757
1.13
10.27
-0.79
-0.575
0.092
0.133
0.671
1.148
10.27
-0.776
-0.538
0.102
0.182
0.609
1.181
10.27
-0.402
-0.166
0.517
0.51
0.864
1.585
10.27
-0.547
-0.273
0.429
0.496
0.955
1.722
10.27
-0.902
-0.499
0.179
0.449
1.045
1.829
10.27
-0.628
-0.475
0.23
0.595
1.107
2.203
10.27
-0.51
-0.472
0.328
0.756
1.273
2.333
10.27
-0.294
-0.535
0.505
0.796
1.48
2.626
10.27
-0.348
-0.641
0.466
0.769
1.534
2.856
10.27
-0.178
-0.616
0.392
0.69
1.685
3.12
10.27
-0.172
-0.403
0.312
0.825
2.08
3.23
10.27
-0.319
-0.403
0.336
0.969
2.163
3.207
10.27
-0.202
-0.342
0.227
0.867
2.097
3.224
10.27
-0.318
-0.439
0.024
0.64
1.902
2.976
10.27
-0.328
-0.404
-0.058
0.736
1.927
3.009
10.27
-0.222
-0.385
0.01
0.551
2.012
2.891
10.27
-0.353
-0.441
-0.258
0.379
1.745
2.665
10.27
-0.495
-0.449
-0.292
0.436
1.607
2.7
10.27
-0.368
-0.655
-0.297
0.486
1.665
2.675
10.27
-0.122
-0.544
-0.24
0.546
1.539
2.691
10.27
-0.03
-0.385
-0.111
0.571
1.5
2.62
10.27
-0.29
-0.644
-0.214
0.228
1.222
2.322
10.27
-0.163
-0.333
-0.054
0.408
1.334
2.143
10.27
-0.334
-0.5
-0.198
0.26
1.065
1.867
10.27
-0.296
-0.37
-0.132
0.32
1.053
1.762
10.27
0.055
-0.209
0.141
0.459
1.125
1.725
10.27
-0.112
-0.534
0.015
0.397
0.922
1.31
10.27
-0.595
-1.161
-0.566
-0.195
0.295
0.838
10.27
-0.201
-0.802
-0.045
0.275
0.723
1.204
10.27
-0.221
-0.985
-0.262
0.249
0.665
0.985
10.27
-0.375
-1.086
-0.483
0.04
0.608
0.83
10.27
-0.146
-0.732
-0.155
0.067
0.83
0.718
10.27
-0.341
-1.119
-0.256
-0.111
0.464
0.341
10.27
-0.163
-1.11
-0.124
-0.004
0.369
0.196
10.27
-0.321
-1.107
-0.312
-0.224
0.167
-0.027
10.27
0.261
-0.419
0.156
0.273
0.66
0.457
10.27
-0.189
-0.659
-0.262
-0.188
0.141
0.023
10.27
0.112
-0.331
0.112
-0.022
0.441
0.14
10.27
-0.368
-0.542
-0.427
-0.581
-0.218
-0.505
10.27
-0.205
-0.492
-0.307
-0.507
-0.418
-0.637
10.27
0.225
-0.234
-0.066
-0.3
-0.369
-0.761
10.27
0.515
-0.211
0.013
-0.342
-0.546
-0.915
10.27
0.407
-0.26
0.003
-0.463
-0.638
-1.248
10.27
0.894
0.109
0.29
-0.346
-0.471
-1.232
10.27
0.609
-0.173
-0.127
-0.606
-0.911
-1.806
10.27
0.682
-0.31
-0.298
-0.757
-1.101
-2.035
10.27
0.834
0.151
-0.094
-0.344
-0.857
-1.754
10.27
0.457
-0.053
-0.501
-0.724
-1.438
-2.172
10.27
0.547
-0.22
-0.249
-0.716
-1.245
-1.991
10.27
0.82
-0.182
-0.245
-0.621
-1.472
-2.086
10.27
0.859
0.09
-0.127
-0.405
-1.418
-2.069
10.27
0.952
0.008
-0.171
-0.852
-1.737
-2.503
10.27
1.659
0.605
0.525
-0.617
-1.423
-2.683
10.27
1.953
0.838
0.76
-0.807
-1.507
-3.173
10.27
1.937
0.733
0.696
-1.105
-1.827
-3.706
10.27
2.221
0.609
0.381
-1.716
-2.622
-4.776
10.27
2.471
0.962
0.413
-1.453
-2.704
-4.747
10.27
2.804
1.142
0.627
-1.5
-3.025
-5.097
10.27
2.654
1.186
0.609
-1.487
-3.091
-5.07
10.27
2.83
1.339
0.546
-1.457
-3.261
-5.362
10.27
2.976
1.451
0.527
-1.304
-3.287
-5.149
10.27
2.943
1.762
0.442
-1.101
-3.331
-5.091
10.27
2.914
1.668
0.588
-0.924
-3.098
-4.688
10.174
2.657
1.53
0.362
-1.092
-3.065
-4.803
10.174
2.765
1.592
0.319
-1.155
-3.176
-4.797
10.174
2.519
1.305
0.099
-1.553
-3.145
-5.075
10.174
3.073
1.647
0.265
-1.226
-2.885
-4.541
10.174
2.156
1.332
-0.128
-1.536
-3.025
-4.64
10.174
2.326
1.565
0.175
-0.935
-2.327
-3.88
10.174
1.885
1.431
0.061
-0.765
-1.827
-3.516
10.174
1.447
1.031
-0.08
-0.857
-1.532
-2.96
10.174
0.975
0.575
-0.372
-0.745
-1.393
-2.396
10.174
1.076
0.827
0.015
-0.311
-0.791
-1.522
10.174
0.619
0.457
-0.16
-0.216
-0.612
-1.011
10.174
0.126
0.222
-0.255
-0.147
-0.472
-0.417
10.174
0.456
0.444
0.175
0.299
-0.145
-0.036
10.174
-0.172
-0.081
-0.168
-0.156
-0.541
-0.415
10.174
0.108
0.14
-0.167
-0.06
-0.542
-0.388
10.174
0.085
0.343
-0.05
-0.004
-0.4
-0.188
10.174
0.066
0.289
-0.082
-0.054
-0.463
-0.457
10.174
-0.259
-0.017
-0.217
-0.275
-0.591
-0.823
10.174
-0.055
-0.075
-0.181
-0.128
-0.497
-0.581
10.174
-0.149
-0.14
-0.285
-0.174
-0.372
-0.474
10.174
-0.419
-0.1
-0.212
0.004
-0.344
-0.247
10.174
-0.608
-0.142
-0.068
0.106
-0.381
-0.291
10.174
-0.813
-0.165
0.062
0.112
-0.177
0.018
10.174
-0.792
-0.403
0.091
0.113
-0.046
0.255
10.174
-0.861
-0.419
0.05
0.05
-0.05
0.311
10.174
-0.821
-0.597
-0.056
-0.028
0.057
0.367
10.174
-0.595
-0.504
0.176
0.187
0.027
0.551
10.174
-0.68
-0.683
-0.114
0.102
-0.027
0.459
10.174
-0.613
-0.497
0.094
0.33
0.378
0.853
10.174
-0.567
-0.487
0.233
0.443
0.774
0.932
10.174
-0.743
-0.508
0.233
0.5
0.786
0.947
10.174
-1.001
-0.39
0.292
0.41
0.82
0.852
10.174
-1.173
-0.533
0.314
0.352
0.847
0.97
10.174
-1.075
-0.595
0.243
0.255
0.762
0.834
10.174
-0.934
-0.427
0.345
0.421
0.864
1.031
10.174
-0.681
-0.148
0.575
0.52
0.877
1.139
10.174
-0.509
0.015
0.657
0.811
1.239
1.655
10.174
-0.953
-0.492
0.233
0.563
0.923
1.53
10.174
-0.754
-0.415
0.47
0.725
1.012
1.837
10.174
-0.757
-0.62
0.338
0.579
1.22
1.94
10.174
-0.668
-0.667
0.352
0.74
1.365
2.35
10.174
-0.38
-0.617
0.37
0.662
1.448
2.536
10.174
-0.423
-0.658
0.298
0.673
1.698
2.782
10.174
-0.309
-0.359
0.313
0.739
2.141
2.912
10.174
0.069
0.114
0.585
1.208
2.671
3.505
10.174
-0.332
-0.339
0.184
0.748
2.203
2.962
10.174
-0.319
-0.179
0.24
0.848
2.181
3.115
10.174
-0.214
-0.059
0.329
0.875
2.253
3.111
10.174
-0.153
0.125
0.189
0.95
2.346
3.068
10.174
0.016
0.113
0.106
0.955
2.218
2.842
10.174
-0.132
0.045
0.133
0.862
2.156
2.77
10.174
0.055
0.137
0.02
0.809
1.932
2.664
10.174
-0.189
-0.149
-0.176
0.567
1.557
2.481
10.174
0.027
0.029
-0.007
0.698
1.553
2.471
10.174
-0.112
-0.095
-0.037
0.617
1.451
2.111
10.174
-0.135
-0.056
-0.082
0.566
1.094
1.707
10.174
-0.278
-0.411
-0.158
0.366
0.855
1.227
10.174
-0.337
-0.457
0.083
0.188
0.793
1.21
10.174
-0.225
-0.328
0.016
0.107
0.714
1.132
10.174
-0.256
-0.544
-0.086
-0.011
0.453
0.736
10.174
-0.401
-0.586
0.069
0.215
1.013
1.03
10.174
-0.691
-0.927
-0.225
0.055
0.644
0.744
10.174
-0.844
-0.916
-0.188
0.286
0.784
1.024
10.174
-0.581
-0.668
-0.152
0.135
0.97
0.763
10.174
-0.943
-1.121
-0.263
-0.089
0.701
0.513
10.174
-0.63
-1.075
0.098
0.116
0.732
0.638
10.174
-0.547
-1.163
-0.198
-0.041
0.778
0.531
10.174
-0.488
-0.97
-0.146
0.043
0.4
0.242
10.174
-0.328
-0.649
-0.045
0.146
0.579
0.308
10.174
-0.486
-0.532
-0.154
-0.085
0.436
0.135
10.174
-0.931
-0.853
-0.501
-0.581
0.025
-0.192
10.174
-0.73
-0.434
-0.121
-0.198
0.258
-0.08
10.174
-0.446
-0.189
0.121
-0.003
0.306
-0.029
10.174
-0.73
-0.385
-0.084
-0.245
-0.164
-0.495
10.174
-0.599
-0.521
-0.447
-0.404
-0.488
-0.694
10.174
-0.434
-0.622
-0.347
-0.54
-0.594
-0.78
10.174
-0.06
-0.298
-0.056
-0.388
-0.504
-0.739
10.174
0.454
0.058
0.159
-0.051
-0.098
-0.494
10.174
0.361
-0.058
0.042
-0.106
-0.293
-0.732
10.174
0.024
-0.193
-0.181
-0.222
-0.336
-0.795
10.174
0.233
0.182
0.058
-0.101
-0.315
-0.89
10.174
0.291
0.2
0.067
0.117
0.016
-0.337
10.174
-0.027
-0.392
-0.355
-0.254
-0.502
-0.899
10.174
0.503
-0.013
0.123
0.227
0.02
-0.491
10.174
0.29
-0.105
-0.034
-0.194
-0.461
-1.189
10.174
0.477
-0.182
0.151
-0.314
-0.528
-1.689
10.174
0.655
0.206
0.201
-0.971
-0.839
-2.225
10.174
1.001
0.306
0.304
-1.172
-1.389
-3.036
10.174
1.461
0.719
0.459
-1.107
-1.879
-3.692
10.174
1.749
0.751
0.301
-1.246
-2.344
-3.988
10.174
1.923
1.001
0.394
-1.409
-2.63
-4.314
10.174
2.12
1.23
0.315
-1.258
-3.039
-4.603
10.174
2.381
1.487
0.553
-1.041
-2.813
-4.655
10.174
2.377
1.517
0.405
-1.099
-3.192
-4.782
10.174
2.772
1.58
0.713
-0.766
-3.021
-4.774
10.174
2.394
1.222
0.521
-0.806
-3.204
-4.414
9.41
2.565
1.67
0.663
-0.865
-2.884
-4.35
9.41
2.331
1.45
0.237
-1.128
-2.972
-4.419
9.41
2.243
1.333
-0.143
-1.562
-3.094
-4.666
9.41
2.241
1.766
0.361
-1.184
-2.358
-3.85
9.41
2.449
1.722
0.581
-1.292
-2.293
-3.762
9.41
2.002
1.397
0.25
-1.041
-1.804
-3.068
9.41
1.579
1.174
-0.059
-0.898
-1.842
-2.85
9.41
1.07
0.935
0.036
-0.26
-1.036
-1.704
9.41
0.767
0.616
-0.167
0.109
-0.097
-1.035
9.41
0.312
0.222
-0.183
-0.19
-0.353
-0.447
9.41
-0.346
0.014
-0.485
-0.02
0.01
0.117
9.41
-0.696
-0.284
-0.527
0.018
0.514
0.852
9.41
-0.6
-0.231
-0.647
-0.127
0.06
0.279
9.41
-0.952
-0.616
-0.668
-0.229
-0.224
0.154
9.41
-0.605
-0.495
-0.399
-0.023
-0.216
0.136
9.41
-0.362
0.012
-0.084
0.382
0.251
0.888
9.41
-0.646
-0.32
-0.581
0.062
-0.468
-0.088
9.41
-0.775
-0.291
-0.526
0.108
-0.052
0.15
9.41
-0.468
-0.238
-0.407
0.168
-0.025
-0.01
9.41
-0.558
-0.274
-0.413
0.265
-0.087
0.207
9.41
-0.547
-0.364
-0.164
0.143
-0.071
0.152
9.41
-0.914
-0.432
-0.235
0.077
-0.082
0.206
9.41
-0.972
-0.388
-0.031
0.168
-0.015
0.233
9.41
-0.852
-0.117
0.272
0.323
0.236
0.68
9.41
-1.014
-0.404
-0.017
-0.012
-0.108
0.312
9.41
-0.934
-0.37
-0.032
0.094
-0.08
0.391
9.41
-0.954
-0.555
-0.18
0
-0.036
0.343
9.41
-0.677
-0.658
-0.058
0.155
-0.121
0.351
9.41
-0.787
-0.716
-0.172
-0.005
-0.229
0.202
9.41
-0.676
-0.657
0.119
0.154
0.313
0.4
9.41
-1.056
-0.627
0.227
0.084
0.491
0.43
9.41
-1.365
-0.715
0.055
-0.041
0.35
0.112
9.41
-1.422
-0.739
0.168
0.189
0.48
0.407
9.41
-1.32
-0.791
0.034
0.059
0.376
0.139
9.41
-1.036
-0.641
0.189
0.14
0.361
0.181
9.41
-0.641
-0.277
0.2
0.026
0.216
-0.189
9.41
-0.636
-0.329
0.21
0.212
0.503
0.547
9.41
-0.942
-0.707
0.142
0.263
0.75
0.799
9.41
-0.76
-0.571
0.254
0.45
1.048
1.155
9.41
-0.494
-0.433
0.244
0.695
0.808
1.507
9.41
-0.609
-0.517
0.097
0.507
1.097
1.933
9.41
-0.524
-0.584
0.216
0.53
1.15
1.835
9.41
-0.293
-0.714
0.235
0.601
1.566
2.349
9.41
-0.13
-0.643
0.103
0.507
1.679
2.455
9.41
0.032
-0.433
0.015
0.489
1.741
2.524
9.41
-0.013
-0.294
0.124
0.535
1.484
2.559
9.41
0.034
-0.019
0.364
0.668
1.724
2.855
9.41
-0.207
0.027
0.496
0.691
1.605
2.652
9.41
-0.117
0.136
0.375
0.839
1.597
2.739
9.41
0.331
0.324
0.402
0.905
1.727
2.631
9.41
0.522
0.234
0.222
0.9
1.786
2.536
9.41
0.409
0.232
0.054
0.845
1.568
2.246
9.41
0.133
-0.156
-0.214
0.692
1.29
1.885
9.41
0.356
0.113
0.014
0.779
1.389
1.847
9.41
-0.209
-0.24
-0.289
0.299
0.928
1.345
9.41
-0.39
-0.525
-0.35
0.008
0.302
0.562
9.41
0.011
-0.019
-0.056
0.32
0.514
0.78
9.41
-0.048
-0.323
0.183
0.216
0.551
0.607
9.41
-0.407
-0.682
-0.339
-0.469
-0.241
-0.286
9.41
-0.149
-0.268
0.073
-0.222
-0.207
-0.42
9.41
-0.707
-0.623
0.031
-0.137
0.333
0.233
9.41
-1.432
-1.22
-0.888
-0.429
0.021
0.004
9.41
-1.273
-1.111
-0.432
-0.063
0.389
0.164
9.41
-0.904
-0.796
-0.186
0.098
0.444
0.055
9.41
-0.731
-0.976
-0.264
0.127
0.65
0.399
9.41
-0.921
-1.067
-0.31
0.008
0.459
0.175
9.41
-0.997
-1.248
-0.348
-0.261
0.203
-0.098
9.41
-0.834
-0.965
-0.455
-0.102
0.182
-0.088
9.41
-0.803
-0.672
-0.128
-0.068
0.296
0.041
9.41
-1.107
-0.986
-0.537
-0.467
0.157
-0.231
9.41
-1.075
-0.743
-0.405
-0.382
0.284
-0.178
9.41
-0.904
-0.642
-0.301
-0.271
0.31
0.027
9.41
-0.784
-0.321
0.07
0.113
0.539
0.287
9.41
-0.799
-0.329
-0.051
0.109
0.274
0.264
9.41
-0.958
-0.547
-0.242
-0.288
0.004
-0.139
9.41
-0.727
-0.286
-0.107
-0.159
0.058
0.082
9.41
-0.488
-0.179
-0.152
-0.354
-0.266
-0.212
9.41
-0.488
-0.272
-0.167
-0.146
-0.252
-0.327
9.41
-0.17
-0.165
-0.15
-0.031
0.01
-0.101
9.41
-0.632
-0.525
-0.321
-0.176
0.297
0.137
9.41
-0.532
-0.466
-0.28
-0.249
0.165
-0.053
9.41
-0.547
-0.428
-0.352
-0.215
0.276
0.076
9.41
-0.444
-0.523
-0.112
0.217
0.223
0.304
9.41
-0.72
-0.988
-0.222
0.31
0.708
0.772
9.41
-0.475
-0.669
-0.019
0.218
0.593
-0.157
9.41
-0.304
-0.248
-0.011
0.051
0.609
-0.693
9.41
0.13
0.034
0.065
-0.431
-0.367
-1.329
9.41
0.817
0.291
0.311
-0.535
-0.71
-1.761
9.41
1.138
0.477
0.308
-1.126
-1.424
-2.907
9.41
1.14
0.581
0.114
-1.148
-1.986
-3.129
9.41
1.616
0.934
0.234
-1.239
-2.399
-3.718
9.41
2.003
1.248
0.331
-1.06
-2.378
-3.622
9.41
2.344
1.334
0.364
-1.195
-2.642
-4.126
9.41
2.589
1.584
0.603
-0.957
-2.714
-4.046
9.41
2.804
1.56
0.87
-0.795
-2.834
-4.311
9.41
2.529
1.453
0.661
-0.712
-2.764
-3.58
8.262
1.939
1.301
0.361
-1.153
-3.049
-3.766
8.262
1.758
1.367
0.016
-1.355
-2.817
-3.88
8.262
1.628
1.162
0.251
-1.406
-2.748
-3.927
8.262
2.027
1.645
0.079
-0.989
-2.152
-3.328
8.262
1.525
1.322
-0.089
-1.269
-2.024
-3.166
8.262
0.995
0.781
-0.106
-0.995
-1.664
-2.783
8.262
1.059
1.02
0.358
-0.481
-0.964
-1.541
8.262
0.435
0.59
-0.006
-0.195
-0.283
-0.835
8.262
-0.642
-0.138
-0.527
-0.113
-0.017
-0.01
8.262
-0.909
-0.273
-0.416
0.378
0.727
0.958
8.262
-1.177
-0.723
-0.699
0.622
1.374
1.847
8.262
-1.311
-0.547
-0.439
1.002
1.81
2.765
8.262
-1.506
-0.428
-0.8
0.671
1.554
2.153
8.262
-1.404
-0.684
-0.735
0.608
0.901
1.631
8.262
-1.096
-0.596
-0.474
0.753
0.977
1.445
8.262
-1.526
-0.921
-0.694
0.466
0.35
1.244
8.262
-1.553
-1
-0.911
0.155
-0.073
0.701
8.262
-1.231
-0.71
-0.69
0.385
0.493
0.909
8.262
-1.375
-0.891
-0.773
0.236
-0.034
0.645
8.262
-1.037
-0.677
-0.591
0.477
0.238
0.846
8.262
-1.037
-0.779
-0.555
0.111
0.018
0.68
8.262
-1.08
-0.656
-0.311
-0.003
0.221
0.458
8.262
-1.197
-0.45
-0.348
-0.045
0.19
0.576
8.262
-1.197
-0.59
-0.267
-0.011
-0.134
0.377
8.262
-1.474
-0.752
-0.518
-0.216
-0.4
-0.125
8.262
-1.33
-0.676
-0.597
-0.241
-0.445
-0.038
8.262
-1.163
-0.559
-0.424
-0.106
-0.169
0.072
8.262
-1.05
-0.776
-0.426
-0.035
-0.256
-0.106
8.262
-1.008
-0.607
-0.09
0.138
-0.039
0.122
8.262
-1.102
-0.924
-0.297
-0.028
0.022
-0.111
8.262
-1.315
-0.608
-0.036
0.1
0.26
0.174
8.262
-1.358
-0.459
0.109
-0.093
0.086
-0.169
8.262
-1.631
-0.643
0.014
-0.114
0.172
-0.215
8.262
-0.864
-0.489
0.269
0.145
0.06
-0.271
8.262
-0.819
-0.254
0.388
0.154
-0.014
-0.474
8.262
-0.351
-0.224
0.105
-0.311
-0.342
-0.867
8.262
-0.418
-0.406
0.222
-0.113
-0.011
-0.303
8.262
-0.488
-0.425
0.112
0.196
0.154
0.171
8.262
-0.821
-0.859
-0.365
-0.214
-0.114
0.022
8.262
-0.467
-0.404
0.074
0.339
0.259
0.751
8.262
-0.489
-0.545
0.026
0.556
0.552
1.324
8.262
-0.189
-0.286
0.326
0.704
0.904
1.717
8.262
-0.21
-0.442
0.214
0.477
1.119
1.843
8.262
0.012
-0.202
0.087
0.508
1.286
2.009
8.262
0.074
0.068
0.159
0.573
1.34
2.173
8.262
0.139
0.063
0.25
0.308
1.284
1.978
8.262
0.108
0.249
0.419
0.643
1.655
2.348
8.262
0.184
0.299
0.452
0.554
1.46
2.254
8.262
-0.224
0.122
0.135
0.426
1.181
2.054
8.262
0.08
0.126
-0.162
0.58
0.982
1.853
8.262
0.556
0.366
0.114
0.949
1.376
2.085
8.262
0.654
0.184
-0.248
0.491
0.904
1.745
8.262
0.373
-0.039
-0.187
0.523
1.002
1.607
8.262
0.321
-0.083
-0.145
0.433
0.735
1.232
8.262
0.389
0.177
0.108
0.592
0.752
1.299
8.262
0.439
0.086
0.215
0.386
0.2
0.652
8.262
0.367
0.124
0.152
0.27
-0.19
0.103
8.262
0.245
0.474
0.112
0.292
0.052
-0.156
8.262
-0.038
0.136
0.044
-0.12
0.114
-0.941
8.262
-0.04
0.072
0.241
-0.337
-0.717
-1.37
8.262
-0.723
-0.387
-0.1
-0.321
-0.162
-0.786
8.262
-0.769
-0.511
-0.025
-0.044
0.024
-0.405
8.262
-1.202
-0.77
-0.315
0.184
0.269
-0.219
8.262
-1.029
-0.629
-0.254
0.169
0.183
-0.164
8.262
-1.273
-0.773
-0.311
0.033
0.082
-0.036
8.262
-1.119
-0.827
-0.235
0.147
-0.318
-0.154
8.262
-1.25
-0.731
0.068
0.019
0.26
0.09
8.262
-1.097
-0.641
-0.33
0.213
0.147
-0.042
8.262
-1.241
-0.914
-0.587
-0.24
0.022
-0.174
8.262
-1.177
-0.835
-0.468
-0.03
0.257
-0.045
8.262
-1.402
-0.889
-0.563
-0.03
0.243
0.097
8.262
-1.393
-0.91
-0.495
-0.071
0.167
0.114
8.262
-1.395
-0.759
-0.234
0.11
0.326
0.387
8.262
-1.147
-0.538
-0.11
0.111
0.341
0.596
8.262
-1.372
-0.611
-0.21
-0.092
0.221
0.734
8.262
-1.386
-0.644
-0.184
-0.086
0.28
0.768
8.262
-1.134
-0.474
-0.007
-0.064
0.259
0.889
8.262
-0.957
-0.267
-0.045
0.032
0.456
0.966
8.262
-0.918
-0.568
-0.377
-0.243
0.469
0.749
8.262
-1.076
-0.39
-0.137
0.172
1.072
1.198
8.262
-1.374
-0.737
-0.308
0.064
1.008
1.05
8.262
-1.542
-0.811
-0.212
0.438
1.237
1.693
8.262
-1.805
-1.129
-0.385
0.57
1.026
1.874
8.262
-1.687
-1.048
0.085
0.994
1.887
2.1
8.262
-1.482
-1.03
0.102
0.817
1.877
1.478
8.262
-1.162
-0.866
-0.031
0.341
1.154
0.73
8.262
-0.77
-0.747
0.086
0.032
0.296
0.594
8.262
0.074
0.309
0.301
-0.113
-0.275
-0.828
8.262
0.639
0.474
0.391
-0.303
-0.513
-1.425
8.262
1.151
0.475
0.347
-0.636
-0.795
-1.856
8.262
1.03
0.547
0.123
-0.943
-1.51
-2.614
8.262
1.453
0.796
0.228
-1.028
-1.957
-2.813
8.262
2.208
1.264
0.585
-0.988
-2.441
-3.135
8.262
2.147
1.334
0.602
-0.903
-2.704
-3.326
8.262
2.178
1.344
0.746
-1.052
-2.816
-3.729
8.262
2.391
1.67
0.607
-0.95
-2.181
-2.995
6.741
2.002
1.425
0.259
-1.073
-2.357
-3.309
6.741
1.763
1.056
-0.096
-1.393
-2.454
-3.641
6.741
1.613
1.284
-0.083
-1.108
-1.99
-3.311
6.741
1.374
1.014
-0.294
-1.163
-1.901
-2.934
6.741
1.763
1.266
0.404
-0.523
-1.205
-2.285
6.741
0.789
0.505
-0.022
-0.766
-1.066
-1.894
6.741
0.804
0.881
0.494
-0.079
-0.144
-0.747
6.741
-0.791
-0.376
-0.469
-0.534
-0.258
-0.404
6.741
-0.688
0.096
-0.102
0.513
1.103
1.363
6.741
-1.779
-0.853
-0.652
0.589
1.17
2.064
6.741
-2.042
-1.276
-0.46
1.245
1.791
3.231
6.741
-2.017
-0.869
-0.358
1.759
2.498
4.398
6.741
-2.094
-1.001
-0.673
1.134
2.234
3.634
6.741
-2.085
-0.647
-0.392
1.14
1.835
3.273
6.741
-1.379
-0.484
-0.185
1.148
1.814
2.828
6.741
-2.187
-1.257
-0.954
0.535
0.972
2.166
6.741
-1.567
-0.603
-0.714
0.868
1.144
2.123
6.741
-1.587
-0.77
-0.593
0.594
0.795
2.003
6.741
-1.427
-0.869
-0.597
0.458
0.652
1.506
6.741
-1.157
-0.722
-0.499
0.488
0.704
1.43
6.741
-1.412
-0.716
-0.487
0.191
0.552
1.048
6.741
-1.271
-0.599
-0.335
-0.072
0.407
0.932
6.741
-1.011
-0.574
-0.242
-0.062
0.191
0.406
6.741
-0.935
-0.499
-0.337
0.066
0.047
0.348
6.741
-0.996
-0.419
-0.177
0.187
0.092
0.145
6.741
-1.275
-0.596
-0.592
-0.095
-0.224
-0.556
6.741
-1.166
-0.566
-0.541
-0.053
-0.125
-0.695
6.741
-1.336
-0.756
-0.482
-0.332
-0.385
-0.868
6.741
-1.285
-0.75
-0.361
-0.267
0.007
-0.658
6.741
-1.139
-0.637
-0.116
-0.144
0.061
-0.818
6.741
-1.302
-0.723
-0.015
-0.279
0.059
-0.398
6.741
-1.282
-0.608
-0.01
-0.363
-0.575
-0.798
6.741
-1.512
-0.849
-0.09
-0.333
-0.45
-0.81
6.741
-1.3
-0.689
-0.13
-0.311
-0.693
-1.194
6.741
-0.779
-0.268
0.3
-0.159
-0.471
-1.087
6.741
-0.541
-0.158
0.033
-0.69
-0.985
-1.456
6.741
0.049
-0.167
0.335
-0.104
-0.41
-0.919
6.741
0.007
0.015
0.217
0.066
-0.258
-0.491
6.741
-0.12
-0.133
0.012
0.025
-0.261
-0.252
6.741
0.179
-0.009
0.124
0.177
-0.027
0.175
6.741
0.036
-0.192
0.29
0.346
-0.12
0.744
6.741
0.277
-0.028
0.309
0.411
0.215
0.905
6.741
0.156
-0.142
0.251
0.356
0.865
1.404
6.741
0.357
0.105
0.161
0.148
0.909
1.279
6.741
0.613
0.386
0.277
0.432
1.309
1.713
6.741
0.538
0.651
0.253
0.307
1.249
1.374
6.741
0.5
0.675
0.253
0.462
1.056
1.733
6.741
0.467
0.749
0.198
0.49
0.578
1.625
6.741
0.697
0.879
0.399
0.799
0.753
1.965
6.741
0.778
0.412
-0.161
0.385
0.386
1.192
6.741
1.203
0.763
0.032
0.975
0.681
1.781
6.741
1.131
0.558
0.113
0.877
0.813
1.292
6.741
0.997
0.408
0.289
0.644
0.717
1.395
6.741
0.987
0.437
0.366
0.533
0.586
0.802
6.741
0.193
-0.018
-0.049
0.094
0.139
0.295
6.741
0.6
0.427
0.508
0.345
-0.116
0.006
6.741
-0.079
0.026
-0.161
-0.174
-0.844
-0.614
6.741
0.386
0.496
0.431
-0.067
-0.676
-0.756
6.741
0.263
0.622
0.516
-0.217
-0.833
-1.458
6.741
-0.214
0.003
-0.059
-1.261
-1.774
-2.336
6.741
-0.797
-0.651
-0.419
-0.859
-1.33
-1.912
6.741
-0.487
-0.384
-0.111
-0.4
-0.323
-1.257
6.741
-0.765
-0.488
-0.473
0.255
0.071
-0.426
6.741
-0.865
-0.236
-0.433
0.224
-0.239
-0.766
6.741
-1.29
-0.572
-0.268
0.131
-0.515
-0.589
6.741
-1.031
-0.184
-0.088
0.213
-0.337
-0.436
6.741
-1.279
-0.233
-0.162
0.092
-0.211
-0.297
6.741
-1.05
-0.261
-0.142
-0.007
0.037
-0.442
6.741
-1.619
-0.907
-0.836
-0.322
-0.465
-0.475
6.741
-1.498
-0.614
-0.61
-0.07
-0.293
-0.102
6.741
-1.527
-0.856
-0.692
-0.107
-0.192
0.046
6.741
-1.549
-1.079
-0.684
-0.053
-0.367
0.177
6.741
-1.521
-0.731
-0.24
0.233
0.235
0.736
6.741
-1.609
-0.794
-0.187
0.149
0.358
0.996
6.741
-1.819
-0.906
0.113
0.117
0.45
1.349
6.741
-1.495
-0.8
0.043
0.344
0.927
1.681
6.741
-1.443
-0.926
-0.37
0.057
0.555
1.675
6.741
-1.446
-0.892
-0.488
0.185
0.901
2.167
6.741
-1.34
-0.799
-0.482
0.16
1.147
2.001
6.741
-1.673
-0.799
-0.35
0.333
1.683
2.36
6.741
-1.774
-0.862
-0.095
0.507
1.604
2.344
6.741
-2.35
-1.274
-0.361
0.6
1.684
2.629
6.741
-2.622
-1.193
-0.297
1.248
1.975
3.207
6.741
-2.316
-1.191
0.009
1.28
2.696
3.169
6.741
-2.234
-1.136
-0.114
1.408
2.226
2.756
6.741
-1.586
-0.983
-0.03
0.728
1.652
2.007
6.741
-0.784
-0.482
0.36
0.156
1.003
1.183
6.741
-0.202
0.096
0.494
0.712
0.586
0.415
6.741
0.528
0.179
0.531
0.208
0.124
-0.42
6.741
0.784
0.457
0.599
-0.122
-0.175
-0.75
6.741
1.399
0.74
0.487
-0.462
-1.007
-1.729
6.741
1.533
0.776
0.431
-0.788
-1.468
-2.283
6.741
2.039
0.992
0.51
-0.978
-2.306
-2.779
6.741
1.871
1.18
0.488
-0.962
-2.355
-3.207
6.741
2.357
1.415
0.542
-0.968
-2.376
-3.236
6.741
2.056
1.444
0.473
-0.771
-1.63
-2.417
4.839
2.235
1.687
0.855
-0.429
-1.221
-1.983
4.839
1.545
0.885
0.021
-1.087
-1.87
-2.533
4.839
1.449
1.032
0.249
-0.707
-1.091
-2.128
4.839
1.014
0.583
0.044
-0.897
-1.056
-1.691
4.839
1.438
1.158
0.833
0.094
0.028
-0.725
4.839
1.274
0.885
0.974
0.224
0.375
0.081
4.839
-0.113
0.362
0.132
0.005
0.125
0.231
4.839
-0.751
-0.256
-0.054
0.733
0.775
1.158
4.839
-1.694
-0.821
-0.218
0.898
1.367
2.234
4.839
-2.304
-1.304
-0.422
0.945
1.924
3.199
4.839
-2.832
-1.207
-0.505
1.663
2.884
4.611
4.839
-3.148
-1.397
-0.571
1.834
3.33
5.152
4.839
-3.437
-1.366
-0.947
1.416
3.093
5.028
4.839
-2.87
-1.035
-0.633
1.47
2.936
4.843
4.839
-2.397
-0.756
-0.162
1.597
2.743
4.343
4.839
-2.584
-1.051
-0.749
0.977
2.345
3.801
4.839
-2.335
-0.882
-0.872
0.985
1.99
3.158
4.839
-1.931
-0.746
-0.728
1.123
1.896
3.134
4.839
-1.878
-0.878
-0.684
1.003
1.585
2.651
4.839
-1.344
-0.769
-0.445
0.843
1.659
2.329
4.839
-1.657
-0.93
-0.553
0.334
1.348
1.927
4.839
-1.622
-0.747
-0.446
0.091
1.099
1.431
4.839
-1.563
-0.77
-0.4
0.106
0.7
1.166
4.839
-1.169
-0.586
-0.308
0.125
0.377
0.429
4.839
-0.77
-0.32
-0.017
0.458
0.724
0.359
4.839
-1.187
-0.682
-0.563
0.069
-0.044
-0.649
4.839
-1.438
-0.483
-0.493
0.018
-0.019
-0.785
4.839
-1.616
-0.424
-0.392
-0.236
-0.231
-1.036
4.839
-1.472
-0.306
0.143
-0.145
0.219
-0.621
4.839
-1.289
-0.431
0.149
-0.365
-0.187
-1.136
4.839
-1.432
-0.547
0.221
-0.354
-0.178
-0.822
4.839
-1.16
-0.147
0.388
-0.302
-0.7
-1.261
4.839
-1.479
-0.45
0.147
-0.28
-1.054
-1.537
4.839
-0.958
-0.4
0.13
-0.255
-1.072
-2.041
4.839
-0.645
-0.179
0.354
-0.449
-1.198
-2.398
4.839
-0.121
0.15
0.435
-0.404
-1.222
-2.427
4.839
0.076
0.281
0.443
-0.08
-0.715
-1.764
4.839
0.025
0.223
0.199
-0.238
-0.906
-1.542
4.839
-0.114
0.252
0.097
-0.179
-0.934
-1.131
4.839
0.261
0.394
0.123
-0.067
-0.762
-0.71
4.839
-0.087
0.021
0.059
-0.165
-0.66
-0.24
4.839
0.245
0.166
0.049
-0.017
-0.398
-0.081
4.839
0.531
0.453
0.435
0.296
0.727
0.744
4.839
0.824
0.845
0.413
0.207
0.743
0.731
4.839
0.667
0.784
0.344
0.248
1.222
1.026
4.839
1.156
1.255
0.508
0.538
1.534
1.031
4.839
0.776
1.179
0.431
0.71
1.177
1.235
4.839
1.005
1.349
0.416
0.76
0.678
1.221
4.839
1.394
1.323
0.333
0.949
0.712
1.483
4.839
1.13
0.677
-0.289
0.378
-0.089
0.519
4.839
1.041
0.485
-0.113
0.488
0.352
0.748
4.839
1.115
0.69
0.274
0.373
0.244
0.448
4.839
0.789
0.365
0.389
0.18
-0.069
0.35
4.839
0.745
0.511
0.275
0.084
-0.283
-0.126
4.839
0.609
0.626
0.438
0.39
0.15
0.027
4.839
0.63
0.838
0.672
0.12
-0.54
-0.768
4.839
-0.076
0.474
0.207
-0.295
-1.489
-1.273
4.839
-0.426
0.001
-0.156
-0.973
-1.51
-1.99
4.839
-0.104
0.246
0.015
-0.546
-1.719
-2.157
4.839
0.129
0.501
-0.024
-0.442
-1.721
-2.707
4.839
-0.079
-0.022
-0.143
-0.424
-1.463
-2.422
4.839
-0.079
0.074
0.214
0.068
-0.704
-1.813
4.839
-1.133
-0.394
-0.383
-0.286
-0.445
-1.333
4.839
-1.085
0.053
-0.157
0.128
-0.544
-1.366
4.839
-1.523
-0.007
0.014
0.387
-0.345
-0.701
4.839
-1.212
-0.165
0.067
-0.07
-0.496
-0.763
4.839
-1.412
-0.317
-0.07
0.011
0.057
-0.382
4.839
-1.694
-0.532
-0.583
-0.335
-0.505
-0.558
4.839
-1.734
-0.521
-0.671
-0.165
-0.219
-0.042
4.839
-1.553
-0.585
-0.796
-0.132
-0.245
0.34
4.839
-1.568
-0.834
-0.718
0.066
0.007
0.671
4.839
-1.622
-0.63
-0.245
0.211
0.44
1.071
4.839
-1.981
-0.694
-0.21
0.433
0.742
1.481
4.839
-1.987
-0.785
-0.332
0.253
0.918
1.615
4.839
-2.442
-1.02
-0.468
0.072
0.828
1.771
4.839
-2.026
-0.831
-0.151
0.255
1.206
2.308
4.839
-1.99
-0.985
-0.285
0.406
1.405
2.683
4.839
-2.17
-0.829
-0.332
0.778
1.955
3.025
4.839
-2.216
-0.631
-0.542
0.876
2.122
2.997
4.839
-2.372
-0.948
-0.298
1.027
2.639
3.816
4.839
-2.38
-1.346
-0.083
1.189
2.695
4.036
4.839
-2.936
-0.949
-0.087
1.573
3.147
4.6
4.839
-3.585
-1.502
-0.124
1.924
3.303
4.989
4.839
-3.138
-1.267
-0.027
2.121
3.67
5.174
4.839
-2.674
-1.245
0.031
1.827
3.085
4.222
4.839
-1.857
-0.995
-0.007
1.336
2.513
3.277
4.839
-1.371
-0.523
0.465
1.256
2.135
2.706
4.839
-1.127
-0.259
0.419
0.455
1.401
1.857
4.839
-0.353
0.187
0.445
0.55
0.868
1.066
4.839
0.27
0.436
0.721
0.461
0.519
0.441
4.839
0.852
0.515
0.662
0.124
-0.123
-0.522
4.839
1.295
0.698
0.527
-0.209
-0.665
-1.03
4.839
1.446
0.848
0.381
-0.628
-1.275
-2.028
4.839
2.024
1.16
0.538
-0.528
-1.452
-1.937
4.839
2.089
1.374
0.729
-0.659
-1.383
-2.105
4.839
1.712
0.857
0.469
-0.797
-1.21
-1.699
2.659
1.729
1.069
0.698
-0.442
-0.823
-1.509
2.659
2.037
1.548
1.026
0.115
-0.288
-0.671
2.659
2.048
1.451
0.998
0.143
-0.431
-0.817
2.659
1.869
1.205
1.088
0.432
-0.074
0.147
2.659
0.879
0.506
0.386
-0.055
0.058
-0.313
2.659
0.116
0.46
0.246
-0.121
0.121
0.817
2.659
-0.008
0.39
0.672
0.847
1.117
2.16
2.659
-0.709
0.08
0.525
1.342
2.145
3.138
2.659
-1.597
-0.622
0.337
1.437
2.471
4.188
2.659
-2.666
-1.359
-0.252
1.158
2.611
4.665
2.659
-3.386
-1.145
-0.267
1.792
3.423
5.59
2.659
-3.82
-1.582
-0.382
2.076
3.896
6.142
2.659
-3.325
-1.532
-0.355
2.149
4.13
6.395
2.659
-3.392
-1.347
-0.944
1.687
3.667
5.735
2.659
-2.922
-1.228
-0.9
1.554
3.316
4.796
2.659
-3.496
-1.637
-1.376
1.178
2.594
4.376
2.659
-2.914
-0.989
-0.865
1.345
2.682
4.31
2.659
-2.933
-1.501
-1.298
0.984
2.053
3.672
2.659
-2.704
-1.53
-1.138
0.802
1.684
3.362
2.659
-2.311
-1.21
-0.658
0.916
1.889
2.998
2.659
-2.276
-1.112
-0.739
0.531
1.581
2.354
2.659
-2.056
-1.207
-1.118
0.011
0.836
1.22
2.659
-1.754
-0.922
-0.84
0.159
0.896
1.363
2.659
-1.306
-0.524
-0.469
0.271
0.721
0.883
2.659
-1.196
-0.353
-0.433
0.369
0.638
0.103
2.659
-1.017
0.062
-0.292
0.518
0.654
-0.34
2.659
-1.505
-0.065
-0.374
0.055
0.03
-0.739
2.659
-1.649
-0.186
-0.289
-0.466
-0.396
-1.205
2.659
-1.854
-0.275
-0.208
-0.575
-0.659
-1.141
2.659
-1.344
-0.054
0.043
-0.629
-0.871
-1.328
2.659
-1.267
-0.207
0.185
-0.562
-1.002
-1.476
2.659
-0.794
-0.013
0.326
-0.683
-1.429
-2.301
2.659
-1.188
-0.401
0.055
-0.722
-1.484
-2.027
2.659
-0.934
-0.032
0.341
-0.634
-1.74
-2.783
2.659
-0.327
0.322
0.609
-0.456
-1.453
-2.919
2.659
-0.176
0.449
0.288
-0.779
-2.066
-3.617
2.659
-0.238
0.414
0.176
-0.729
-1.711
-3.342
2.659
0.073
0.501
0.464
-0.462
-1.502
-2.78
2.659
0.211
0.678
0.531
-0.335
-1.244
-1.968
2.659
0.602
1.06
0.601
-0.149
-1.04
-1.516
2.659
0.249
0.479
0.211
-0.251
-0.809
-1.023
2.659
0.927
0.853
0.374
-0.129
-0.42
-0.722
2.659
1.059
1.099
0.792
0.397
0.578
0.211
2.659
1.399
1.284
0.533
-0.032
0.588
0.019
2.659
1.439
1.469
0.594
0.503
1.084
0.518
2.659
1.48
1.592
0.481
0.401
0.831
0.07
2.659
1.408
1.438
0.202
0.348
0.429
0.356
2.659
1.54
1.408
0.012
0.342
0.068
0.182
2.659
2.102
1.839
0.478
1.018
1.001
0.964
2.659
1.744
1.301
-0.159
0.19
0.216
-0.138
2.659
1.764
1.255
0.388
0.639
0.201
0.343
2.659
1.432
0.964
0.119
0.152
-0.926
-0.552
2.659
1.496
1.221
0.648
0.554
-0.101
-0.071
2.659
1.546
1.501
0.796
0.473
-0.203
-0.658
2.659
0.948
1.219
0.513
0.134
-0.62
-0.927
2.659
0.258
0.955
0.067
-0.559
-1.881
-1.833
2.659
0.262
1.085
0.331
-0.408
-1.724
-1.85
2.659
0.264
0.691
-0.013
-0.59
-1.952
-2.469
2.659
0.133
0.46
-0.188
-0.539
-2.228
-2.992
2.659
0.318
0.646
-0.205
-0.501
-2.41
-3.289
2.659
0.04
0.547
-0.141
-0.267
-1.761
-2.825
2.659
-1.033
-0.363
-0.811
-0.902
-2.044
-3.034
2.659
-0.994
0.168
-0.322
-0.3
-0.895
-1.84
2.659
-0.981
0.261
-0.339
-0.32
-0.981
-1.913
2.659
-1.015
0.123
-0.44
-0.119
-0.581
-1.136
2.659
-1.206
0.075
-0.06
-0.176
-0.778
-1.08
2.659
-1.534
-0.076
-0.243
0.041
-0.561
-0.548
2.659
-1.773
-0.142
-0.556
-0.254
-0.554
-0.6
2.659
-1.958
-0.44
-0.647
-0.361
-0.238
-0.229
2.659
-2.394
-1.1
-1.271
-0.728
-0.49
-0.365
2.659
-2.599
-1.378
-1.12
-0.579
-0.448
0.098
2.659
-2.406
-0.91
-0.834
-0.267
0.462
0.907
2.659
-2.251
-0.712
-0.581
0.077
0.784
1.653
2.659
-2.225
-0.744
-0.533
0.379
0.914
2.035
2.659
-2.355
-1.046
-0.497
0.367
1.265
2.686
2.659
-2.163
-0.939
-0.178
0.569
1.678
3.393
2.659
-2.283
-0.941
-0.192
0.502
1.918
3.434
2.659
-2.645
-1.265
-0.438
0.724
2.16
3.701
2.659
-2.403
-1.043
-0.382
1.221
2.645
4.082
2.659
-2.947
-1.265
-0.359
1.589
2.984
4.881
2.659
-3.283
-1.527
-0.328
2.455
2.985
4.846
2.659
-3.534
-1.073
-0.288
2.277
3.48
5.28
2.659
-3.33
-0.821
-0.224
2.245
4.143
5.935
2.659
-3.828
-1.206
-0.19
2.07
4.091
6.052
2.659
-3.284
-0.601
0.067
2.073
3.672
5.062
2.659
-2.406
-0.967
0.125
2.123
3.465
4.55
2.659
-2.006
-0.897
0.523
1.567
2.919
3.956
2.659
-1.717
-0.371
0.703
1.251
2.44
3.527
2.659
-1.058
-0.282
0.499
0.349
1.649
2.207
2.659
-0.282
0.027
0.515
0.314
1.117
1.612
2.659
0.364
0.517
0.468
0.359
0.58
0.585
2.659
0.808
0.809
0.54
0.295
0.201
0.091
2.659
1.14
0.702
0.274
-0.368
-0.544
-0.773
2.659
1.665
0.816
0.378
-0.631
-0.508
-0.872
2.659
2.398
1.41
0.977
-0.073
-0.575
-0.709
2.659
2.196
1.035
1.152
-0.008
0.269
0.334
0.121
2.006
1.348
1.088
0.14
0.422
0.165
0.121
2.082
1.085
1.048
0.11
0.149
0.421
0.121
1.341
0.555
0.54
0.179
-0.462
0.153
0.121
1.348
1.049
1.059
0.766
0.569
1.297
0.121
0.985
0.922
1.016
1.001
1.007
1.999
0.121
-0.444
-0.25
0.276
0.536
1.087
2.14
0.121
-0.346
0.23
0.912
1.381
2.086
3.716
0.121
-1.397
-0.503
0.775
1.426
2.76
5.034
0.121
-2.35
-0.338
0.44
1.741
3.116
5.936
0.121
-2.912
-0.931
0.057
1.74
3.648
6.379
0.121
-3.911
-1.775
-0.722
1.829
4.087
6.247
0.121
-3.922
-1.678
-0.372
2.863
4.914
7.276
0.121
-4.088
-1.828
-0.408
2.645
5.38
7.582
0.121
-4.196
-1.804
-0.963
2.02
4.563
7.082
0.121
-4.068
-1.607
-1.098
1.812
4.176
6.228
0.121
-4.499
-2.238
-1.825
0.645
3.398
5.527
0.121
-4.081
-1.796
-1.661
0.718
3.397
5.368
0.121
-3.281
-1.054
-1.176
1.068
3.333
5.218
0.121
-3.236
-1.081
-1.026
1.13
2.893
4.549
0.121
-2.671
-0.751
-0.761
1.141
2.935
4.237
0.121
-2.568
-0.613
-0.804
1.132
2.497
3.534
0.121
-2.545
-0.982
-1.315
0.282
1.35
2.072
0.121
-2.225
-0.995
-1.15
0.347
1.005
1.534
0.121
-2.03
-0.68
-0.855
0.368
0.615
0.874
0.121
-2.181
-0.682
-0.921
0.202
0.289
0.088
0.121
-2.046
-0.617
-0.962
-0.231
-0.519
-0.747
0.121
-1.682
-0.16
-0.26
-0.255
-0.451
-0.604
0.121
-1.716
-0.003
-0.113
-0.581
-0.752
-1.529
0.121
-1.897
0.024
-0.171
-0.915
-1.01
-1.774
0.121
-1.375
0.27
-0.031
-1.111
-0.922
-2.085
0.121
-1.443
-0.056
-0.162
-1.355
-1.424
-2.618
0.121
-0.724
0.114
0.213
-1.24
-1.866
-3.269
0.121
-1.433
-0.137
0.143
-1.033
-2.081
-3.506
0.121
-0.76
0.278
0.529
-0.722
-2.266
-3.877
0.121
-0.345
0.178
0.402
-1.1
-2.774
-4.23
0.121
0.309
0.805
0.597
-0.869
-2.784
-4.329
0.121
-0.324
0.499
0.044
-0.953
-2.468
-4.276
0.121
0.303
1.047
0.668
-0.69
-1.842
-3.57
0.121
0.058
1.049
0.485
-0.622
-2
-3.169
0.121
0.93
1.377
0.885
-0.412
-1.544
-2.644
0.121
0.797
1.378
0.718
-0.363
-0.896
-1.821
0.121
1.111
1.367
0.715
-0.504
-0.719
-1.8
0.121
0.672
1.087
0.227
-0.355
-0.232
-1.205
0.121
1.636
1.652
0.317
-0.017
0.228
-1.209
0.121
1.663
1.598
0.3
0.186
0.142
-0.568
0.121
2.302
1.858
0.19
-0.06
-0.454
-0.84
0.121
1.875
1.729
0.208
-0.018
-0.222
-0.445
0.121
1.806
1.473
-0.186
-0.14
-0.299
-0.93
0.121
1.276
1.206
-0.568
-0.399
-0.655
-1.292
0.121
2.212
1.793
-0.034
-0.144
-0.863
-1.218
0.121
2.422
1.962
0.353
0.461
-0.451
-0.667
0.121
2.401
2.002
0.577
0.426
-0.885
-1.112
0.121
1.971
1.977
0.759
0.364
-0.704
-0.928
0.121
1.972
1.837
0.815
0.09
-1.099
-1.707
0.121
0.735
1.25
0.364
-0.609
-2.049
-2.17
0.121
0.7
1.224
0.231
-1.1
-2.211
-3.024
0.121
0.241
0.918
-0.417
-1.055
-2.277
-3.124
0.121
0.535
0.69
-0.992
-1.164
-2.846
-3.852
0.121
0.613
1.153
-0.375
-1.077
-2.664
-3.735
0.121
0.952
1.35
-0.392
-0.732
-2.786
-4.274
0.121
-0.695
0.422
-0.876
-1.39
-3.044
-4.577
0.121
-0.414
0.61
-0.358
-1.179
-2.468
-3.744
0.121
-0.963
0.877
-0.755
-1.064
-1.952
-2.864
0.121
-0.325
1.308
-0.102
-0.35
-1.31
-2.241
0.121
-1.09
0.267
-0.315
-0.823
-1.058
-1.88
0.121
-0.741
0.353
0.077
-0.184
-1.03
-1.651
0.121
-1.204
0.791
-0.106
0.342
-0.581
-0.664
0.121
-1.597
0.501
-0.53
-0.061
-0.981
-0.874
0.121
-1.748
0.22
-0.564
0.183
-0.504
-0.117
0.121
-2.219
-0.325
-0.643
-0.525
-0.269
-0.111
0.121
-2.412
-0.412
-0.707
-0.322
0.29
0.73
0.121
-2.118
-0.185
-0.084
0.092
0.844
1.636
0.121
-2.327
-0.11
-0.213
0.4
1.319
2.407
0.121
-2.009
-0.164
-0.069
0.913
1.561
3.113
0.121
-2.598
-0.771
-0.442
0.883
1.695
3.689
0.121
-2.621
-0.88
-0.421
1.079
1.864
4.174
0.121
-2.87
-0.862
-0.259
1.058
2.389
4.874
0.121
-2.616
-0.965
-0.126
1.959
3.079
5.446
0.121
-3.152
-1.273
-0.17
2.282
3.229
5.475
0.121
-3.435
-1.198
-0.235
2.996
3.794
6.417
0.121
-3.492
-1.191
-0.031
2.652
3.874
6.478
0.121
-3.848
-1.143
-0.311
2.652
4.368
6.782
0.121
-4.158
-1.357
-0.086
3.036
4.923
7.652
0.121
-4.412
-0.627
-0.406
2.664
5.123
7.175
0.121
-3.858
-1.065
0.122
2.676
4.911
6.783
0.121
-3.341
-0.835
0.314
2.373
4.77
6.258
0.121
-2.651
-0.118
0.571
2.383
4.208
5.938
0.121
-2.054
-0.567
0.728
1.914
3.473
5.332
0.121
-1.65
-0.438
0.67
1.335
2.793
3.927
0.121
-0.838
0.235
0.564
0.841
2.165
3.147
0.121
-0.118
0.184
0.775
0.507
1.389
2.688
0.121
0.637
0.549
0.709
0.34
0.938
1.693
0.121
1.299
0.798
0.592
0.428
0.615
0.645
0.121
1.842
0.977
0.66
0.395
0.614
0.444
0.121
1.672
0.705
0.585
-0.027
-0.149
-0.233
0.121
2.737
0.941
0.982
0.153
0.774
0.936
-1.082
1.771
1.097
1.064
0.678
0.914
1.041
-1.082
2.042
0.79
0.69
0.766
1.059
1.731
-1.082
1.242
0.899
0.674
1.104
1.009
2.275
-1.082
1.633
1.469
1.638
1.97
1.53
3.54
-1.082
-0.866
-0.603
0.368
0.609
0.816
2.885
-1.082
-0.841
-0.527
0.341
1.168
2.121
4.371
-1.082
-1.634
-0.661
0.066
2.095
2.634
4.946
-1.082
-2.62
-1.755
-0.861
1.102
3.023
6.476
-1.082
-3.819
-1.592
-0.543
1.353
3.923
6.403
-1.082
-3.561
-1.178
-0.231
2.442
5.34
7.839
-1.082
-4.249
-2.067
-0.39
2.583
5.065
8.278
-1.082
-3.675
-1.564
0.107
3.229
6.842
9.308
-1.082
-4.963
-2.486
-1.095
2.378
5.764
8.47
-1.082
-4.639
-1.759
-0.868
2.303
5.64
8.796
-1.082
-4.612
-1.441
-1.115
2.438
4.99
8.45
-1.082
-4.989
-1.776
-1.505
2.03
4.961
7.647
-1.082
-5.41
-3.001
-2.209
0.665
3.915
6.282
-1.082
-4.232
-1.84
-1.771
1.532
4.029
6.226
-1.082
-3.993
-1.437
-1.913
0.964
3.987
5.424
-1.082
-2.884
-1.213
-1.5
0.976
3.313
4.932
-1.082
-2.772
-1.151
-1.456
0.586
2.671
3.839
-1.082
-2.83
-1.094
-1.548
0.015
2.014
2.452
-1.082
-1.832
-0.048
-0.717
0.785
1.906
2.497
-1.082
-1.308
-0.026
-0.587
0.708
1.665
1.482
-1.082
-2.481
-0.618
-1.251
-0.669
0.355
-0.061
-1.082
-2.307
-0.627
-0.846
-1.224
-0.303
-0.774
-1.082
-1.234
0.127
0.443
-0.325
-0.378
-0.811
-1.082
-0.783
0.691
0.28
-0.54
-0.276
-1.277
-1.082
-0.55
0.884
0.433
-0.485
-0.179
-1.794
-1.082
-0.388
1.021
0.767
-0.915
-0.811
-2.627
-1.082
-1.322
0.074
-0.158
-1.604
-2.029
-3.75
-1.082
-0.709
0.51
0.583
-1.42
-2.455
-4.338
-1.082
-0.784
0.346
0.438
-1.364
-1.97
-4.816
-1.082
0.561
1.408
1.141
-0.671
-2.118
-4.47
-1.082
0.487
1.175
0.866
-1.035
-2.54
-5.212
-1.082
1.538
1.358
1.419
-0.292
-2.488
-4.417
-1.082
1.293
1.106
0.715
-0.96
-2.662
-4.683
-1.082
1.158
1.635
0.694
-0.855
-2.381
-4.344
-1.082
1.33
1.728
0.874
-0.547
-1.913
-3.749
-1.082
0.926
1.925
0.41
-1.084
-1.946
-4.076
-1.082
1.243
2.35
0.368
-0.912
-1.504
-3.37
-1.082
1.863
2.856
0.534
-0.601
-1.023
-3.174
-1.082
1.991
2.441
0.646
-0.329
0.072
-2.262
-1.082
2.593
2.256
0.555
-0.383
-0.685
-2.107
-1.082
2.386
2.064
0.127
-0.385
-0.674
-1.782
-1.082
2.982
3.035
0.712
0.12
-0.713
-1.49
-1.082
3.301
3.076
0.453
0.457
-0.555
-0.939
-1.082
3.489
3.191
0.697
0.526
0.218
-1.314
-1.082
2.379
2.046
0.028
-0.107
-1.634
-1.923
-1.082
2.86
2.839
0.394
0.219
-1.659
-1.765
-1.082
2.462
2.425
0.206
0.278
-1.983
-1.252
-1.082
3.149
2.918
0.92
0.088
-1.512
-2.298
-1.082
1.994
2.194
0.264
-0.606
-1.895
-2.726
-1.082
2.402
2.479
0.801
-0.369
-1.388
-2.619
-1.082
0.104
0.06
-1.286
-2.628
-3.779
-4.994
-1.082
1.348
2.085
0.19
-0.832
-1.842
-3.847
-1.082
0.899
0.895
0.292
-1.855
-1.893
-4.884
-1.082
1.315
1.777
-0.167
-1.407
-3.228
-4.404
-1.082
1.362
1.814
0.358
-0.253
-2.542
-4.143
-1.082
1.236
2.534
-0.525
-1.284
-3.158
-4.804
-1.082
0.089
1.451
-0.159
-1.929
-3.539
-5.335
-1.082
-0.616
1.394
-0.172
-1.926
-3.89
-5.062
-1.082
-0.642
0.969
-0.338
-1.302
-2.956
-3.993
-1.082
-0.346
0.623
-0.717
-1.384
-2.792
-3.781
-1.082
-1.079
0.319
-0.649
-1.312
-1.987
-3.265
-1.082
-1.872
0.605
-1.531
-1.196
-2.591
-3.218
-1.082
-2.107
0.985
-2.14
-0.765
-1.552
-1.956
-1.082
-2.101
0.65
-1.891
-0.371
-1.157
-1.697
-1.082
-2.367
-0.419
-1.191
-0.366
-1.261
-0.553
-1.082
-1.808
-0.048
-0.358
-0.162
-0.533
0.093
-1.082
-2.749
-0.467
-1.002
-0.041
-0.271
0.223
-1.082
-2.397
-0.196
-0.19
0.563
0.568
1.292
-1.082
-2.622
-0.735
-0.555
0.429
1.046
2.273
-1.082
-1.537
-0.132
0.169
1.381
1.653
2.877
-1.082
-2.326
0.217
0.112
1.733
2.433
4.882
-1.082
-1.715
-0.187
-0.055
2.139
3.253
5.786
-1.082
-2.227
-0.452
-0.016
2.493
3.685
6.824
-1.082
-3.177
-1.225
-0.326
1.898
3.268
6.818
-1.082
-3.451
-1.129
-0.229
2.501
3.627
7.253
-1.082
-3.698
-1.598
0.083
3.312
5.098
7.135
-1.082
-3.579
-1.309
-0.088
3.129
5.237
7.728
-1.082
-4.192
-1.264
-0.075
3.17
5.555
8.893
-1.082
-5.403
-1.829
0.275
3.035
6.118
9.039
-1.082
-4.286
-0.796
0.41
3.925
6.859
9.316
-1.082
-4.004
-1.216
0.038
3.45
7.123
8.662
-1.082
-4.665
-0.698
-0.359
2.336
4.614
7.733
-1.082
-3.532
-0.388
0.707
2.612
5.288
7.383
-1.082
-2.011
0.879
1.362
2.647
5.841
7.104
-1.082
-2.139
0.657
0.576
1.753
2.927
5.422
-1.082
-1.07
1.332
1.167
2.221
2.954
4.444
-1.082
-0.932
-0.58
-0.107
0.504
1.466
3.585
-1.082
0.963
1.293
1.22
1.124
2.229
3.413
-1.082
0.631
0.437
0.472
0.147
1.314
1.802
-1.082
0.758
0.164
-0.04
-0.176
0.557
0.02
-1.082
1.078
-0.159
0.242
-0.477
0.517
-0.011
-1.082
-0.374
-0.03
-0.742
-0.116
-0.323
-0.164
9.41
-0.934
-0.491
-0.305
0.323
0.152
0.641
9.41
-1.192
-0.513
0.324
0.295
0.465
0.284
9.41
-0.799
-0.539
0.135
0.33
0.684
0.846
9.41
-0.418
-0.326
-0.062
0.155
0.205
0.152
9.41
-1.161
-0.923
-0.369
-0.259
0.173
-0.118
9.41
-1.444
-1.099
-0.755
-0.45
0.225
0.085
9.41
-0.784
-0.856
-0.104
-0.16
0.8
-0.341
9.41
-2.836
-1.356
-0.563
1.833
3.066
5.231
6.741
-0.29
-0.163
0.272
-0.667
-1.325
-2.682
6.741
0.018
0.161
-0.085
-1.013
-2.335
-3.111
6.741
-2.885
-1.46
-0.143
1.826
3.528
4.531
6.741
