2.136	1.633	-0.073	-0.996	-1.839	-2.895	-13.865
4.214	3.170	0.400	-1.968	-3.217	-2.809	-13.865
2.304	1.589	0.126	-1.226	-1.788	-2.646	-13.865
2.336	1.895	0.157	-0.961	-1.018	-2.205	-13.865
1.523	1.443	-0.112	-1.064	-0.742	-1.785	-13.865
1.223	1.058	-0.153	-0.723	-0.943	-1.169	-13.865
0.966	0.564	-0.244	-0.668	-1.075	-0.508	-13.865
1.139	0.467	0.002	-0.166	-1.125	0.416	-13.865
0.531	-0.388	0.010	-0.735	-0.671	0.733	-13.865
0.684	-0.325	-0.001	-0.329	0.356	1.191	-13.865
0.493	-0.331	0.034	-0.284	0.933	1.464	-13.865
0.651	-0.281	0.134	-0.200	1.153	1.633	-13.865
0.813	0.069	0.234	-0.059	0.961	1.589	-13.865
0.640	-0.191	0.050	-0.219	0.685	1.305	-13.865
0.768	0.085	0.129	-0.527	0.474	1.202	-13.865
0.868	-0.029	0.191	-0.469	0.335	2.903	-13.865
1.064	0.336	0.118	-0.370	-0.166	0.704	-13.865
1.243	0.361	0.051	-0.721	-0.420	-0.243	-13.865
1.696	0.589	0.167	-0.559	-0.737	-0.581	-13.865
2.120	1.347	0.448	-0.411	-0.961	-1.322	-13.865
2.229	1.237	0.287	-0.693	-1.085	-1.542	-13.865
2.136	1.730	0.330	-0.835	-1.386	-2.381	-13.865
1.875	1.615	-0.086	-1.383	-2.024	-2.879	-13.865
2.319	1.920	0.193	-1.022	-1.896	-2.832	-13.865
2.561	3.262	0.185	-1.470	-2.385	-3.886	-5.247
4.737	4.860	0.575	-2.711	-5.013	-3.569	-5.247
2.276	2.406	0.092	-1.030	-2.390	-3.140	-5.247
2.296	1.946	0.329	-1.111	-1.636	-2.675	-5.247
2.040	1.723	0.040	-0.773	-1.211	-2.286	-5.247
1.792	1.128	-0.012	-0.809	-0.968	-1.535	-5.247
1.303	0.745	0.106	-0.253	-0.395	-0.471	-5.247
0.623	0.097	0.034	-0.770	-0.055	0.350	-5.247
1.106	0.480	0.210	0.012	0.999	1.203	-5.247
0.860	0.032	0.554	-0.067	1.902	1.928	-5.247
1.101	-0.338	0.466	0.439	1.571	2.527	-5.247
0.872	-0.324	0.469	0.569	1.267	2.701	-5.247
0.724	-0.551	0.390	0.116	1.521	2.697	-5.247
0.463	-0.946	0.104	-0.009	1.182	2.006	-5.247
0.852	-0.609	0.209	0.069	0.928	2.075	-5.247
0.581	0.120	0.105	-0.181	0.639	1.175	-5.247
0.363	-0.302	0.233	-0.257	0.185	1.493	-5.247
1.648	0.538	0.327	-0.126	-0.299	-0.050	-5.247
2.082	0.876	-0.053	-0.815	-0.936	-1.445	-5.247
2.915	0.322	0.297	-0.780	-1.220	0.189	-5.247
2.305	1.616	0.187	-1.449	-2.142	-2.685	-5.247
2.486	1.950	0.121	-0.975	-1.863	-3.294	-5.247
2.833	2.429	0.331	-1.320	-2.130	-2.499	-5.247
2.711	2.444	0.134	-1.387	-2.379	-3.930	-5.247
2.624	3.215	0.327	-1.450	-2.252	-4.120	0.619
3.062	3.404	0.217	-1.461	-2.640	-4.253	0.619
3.532	3.872	0.468	-1.386	-2.586	-4.062	0.619
6.036	6.138	0.430	-3.589	-5.988	-4.577	0.619
3.376	3.813	0.460	-1.225	-2.499	-3.704	0.619
2.645	2.648	0.166	-1.398	-2.422	-3.515	0.619
2.654	2.984	0.443	-1.143	-1.501	-3.034	0.619
2.571	2.613	0.066	-1.213	-1.137	-3.040	0.619
2.464	2.562	0.384	-0.886	-1.399	-2.603	0.619
3.629	2.934	0.983	-0.354	-0.983	-2.186	0.619
2.462	2.019	0.551	-0.683	-0.788	-2.538	0.619
1.896	1.504	0.190	-0.583	-0.779	-1.385	0.619
1.715	1.467	0.488	-0.331	-0.137	-0.561	0.619
1.126	0.735	0.032	-0.587	-0.216	-0.420	0.619
1.339	0.807	0.256	-0.359	0.331	0.497	0.619
1.235	0.491	0.376	0.195	0.847	1.300	0.619
1.256	0.501	0.590	0.308	1.002	1.590	0.619
1.083	0.448	0.430	0.263	1.257	1.387	0.619
1.046	0.239	0.535	0.656	1.549	2.352	0.619
0.801	-0.389	0.320	0.400	1.438	2.412	0.619
0.791	-0.284	0.530	0.361	1.679	2.862	0.619
0.713	-0.536	0.438	0.471	1.764	2.818	0.619
0.976	-0.681	0.577	0.591	2.087	3.439	0.619
0.602	-1.206	0.311	0.449	1.829	2.942	0.619
0.746	-1.098	0.615	0.598	2.044	3.367	0.619
0.229	-1.414	0.012	0.145	2.102	2.963	0.619
0.425	-1.158	0.367	0.374	1.811	3.322	0.619
0.993	-0.610	0.467	0.705	2.383	3.811	0.619
1.169	-0.507	1.067	1.065	2.152	3.552	0.619
0.322	-1.122	0.090	0.229	1.561	2.355	0.619
0.439	-1.441	-0.129	-0.106	0.875	1.680	0.619
0.450	-1.076	-0.096	-0.465	-0.963	1.690	0.619
0.239	-0.950	-0.044	-0.184	0.324	2.511	0.619
0.992	-0.041	0.380	0.049	0.656	0.184	0.619
1.212	0.288	0.405	0.090	0.427	-0.043	0.619
1.319	0.512	0.260	0.130	-0.132	0.123	0.619
1.695	0.786	0.666	-0.113	-0.087	-0.316	0.619
2.121	0.962	0.495	-0.161	-0.708	-0.689	0.619
1.959	1.435	0.470	-0.475	-0.764	-1.595	0.619
2.452	1.663	0.500	-0.934	-1.457	-2.708	0.619
2.693	1.958	0.674	-0.514	-1.074	-2.221	0.619
2.699	1.906	0.219	-1.428	-1.983	-2.325	0.619
3.013	2.805	0.666	-0.688	-1.539	-2.565	0.619
2.663	3.045	0.382	-1.139	-2.065	-3.269	0.619
2.654	2.553	0.201	-1.405	-2.396	-3.873	0.619
3.038	2.808	0.267	-1.666	-2.873	-4.313	0.619
2.920	3.009	0.216	-1.577	-2.208	-4.394	0.619
2.977	2.907	0.053	-1.878	-2.867	-4.474	0.619
3.293	3.478	0.192	-1.869	-3.211	-5.034	5.121
3.702	3.828	0.399	-1.588	-2.819	-4.915	5.121
3.594	3.854	0.295	-1.625	-3.226	-4.718	5.121
7.164	7.496	0.792	-3.552	-5.610	-4.981	5.121
3.153	3.497	0.212	-1.612	-2.953	-4.574	5.121
3.419	4.268	0.270	-1.275	-2.383	-3.972	5.121
3.475	3.341	0.308	-1.340	-2.155	-3.640	5.121
2.292	2.795	0.121	-1.585	-2.197	-3.981	5.121
3.089	3.105	0.706	-0.770	-1.521	-2.943	5.121
2.680	2.510	0.464	-1.012	-1.677	-2.890	5.121
0.604	1.969	0.047	-0.939	-1.511	-2.268	5.121
1.886	1.325	-0.157	-0.980	-1.165	-1.552	5.121
1.130	1.622	0.071	-0.636	-0.655	-0.690	5.121
1.285	0.889	0.187	-0.230	0.265	0.772	5.121
1.142	0.585	0.217	0.034	0.393	0.749	5.121
0.769	0.416	0.208	0.107	0.828	1.594	5.121
1.016	0.115	0.539	0.453	1.468	2.122	5.121
1.066	-0.006	0.690	0.718	1.721	2.770	5.121
0.805	-0.763	0.592	0.405	1.688	2.700	5.121
0.692	0.350	0.519	0.630	1.879	3.371	5.121
0.953	-0.899	0.374	0.575	1.964	3.371	5.121
0.411	-0.464	0.651	0.798	2.365	4.217	5.121
0.339	-1.296	0.411	1.194	2.365	3.904	5.121
0.680	-1.341	0.684	0.597	2.641	4.122	5.121
0.574	-1.466	0.358	0.535	2.267	4.032	5.121
0.281	-1.746	0.348	0.676	2.319	3.861	5.121
0.437	-1.479	0.445	0.763	2.418	3.758	5.121
0.624	-1.226	0.792	0.965	2.528	3.892	5.121
0.166	-1.782	0.065	0.625	1.916	3.549	5.121
0.154	-2.303	-0.156	0.002	1.280	2.748	5.121
0.739	-1.045	0.184	0.601	1.053	2.828	5.121
0.390	-1.423	0.266	0.562	1.245	2.236	5.121
0.174	-1.590	-0.188	-0.398	0.484	1.076	5.121
-0.027	-0.812	-0.085	0.280	0.487	1.091	5.121
0.492	-0.683	-0.103	-0.438	-0.006	0.431	5.121
1.091	-0.015	0.305	-0.199	0.114	0.114	5.121
1.294	0.453	0.333	-0.246	-1.642	-0.366	5.121
1.461	0.639	0.141	-0.711	-1.311	-1.490	5.121
2.055	0.880	0.283	-0.836	-1.197	-2.051	5.121
2.497	1.642	0.441	-0.721	-1.199	-2.430	5.121
2.297	1.756	0.215	-1.279	-1.417	-3.038	5.121
3.128	3.190	0.801	-0.776	-1.493	-2.911	5.121
2.827	2.605	0.389	-1.353	-2.271	-3.507	5.121
3.046	3.067	0.138	-1.585	-3.625	-4.046	5.121
3.841	3.316	0.509	-1.438	-2.724	-4.148	5.121
3.442	3.427	0.350	-1.711	-3.133	-4.971	5.121
3.179	3.201	0.065	-2.098	-3.452	-5.246	5.121
3.424	3.572	0.254	-1.528	-3.121	-4.992	5.121
3.682	4.102	0.635	-1.427	-2.878	-4.953	7.938
3.532	4.031	0.321	-1.734	-3.383	-5.165	7.938
3.541	3.859	0.063	-2.109	-3.816	-5.492	7.938
7.140	7.688	0.361	-3.426	-7.138	-5.577	7.938
3.029	3.555	-0.123	-1.913	-3.865	-5.170	7.938
2.792	3.425	0.035	-1.689	-2.871	-4.383	7.938
2.499	2.783	0.167	-1.386	-2.374	-3.433	7.938
2.032	2.567	-0.155	-1.588	-2.456	-3.468	7.938
2.253	2.742	0.077	-1.141	-2.133	-3.081	7.938
1.760	2.373	-0.112	-1.232	-2.281	-3.203	7.938
2.132	1.845	-0.180	-1.411	-1.820	-2.568	7.938
1.333	1.674	0.082	-0.714	-0.990	-1.046	7.938
1.034	0.767	-0.019	-0.847	0.317	-0.461	7.938
0.627	0.598	0.009	-0.354	0.039	0.164	7.938
0.565	0.327	0.091	-0.196	0.422	0.566	7.938
0.610	-0.187	0.062	-0.129	0.694	1.047	7.938
0.651	0.016	0.221	0.188	1.044	1.467	7.938
0.086	-0.867	0.022	-0.081	0.838	1.469	7.938
0.618	-0.400	0.445	0.770	1.660	2.429	7.938
0.324	-1.327	0.335	0.547	1.726	3.198	7.938
0.725	-0.610	0.716	0.506	2.209	3.974	7.938
1.453	-0.262	0.450	0.848	2.473	4.207	7.938
0.307	-1.289	0.542	0.557	2.310	4.166	7.938
0.229	-1.552	0.567	0.748	2.396	4.239	7.938
0.568	-1.668	0.286	0.636	2.330	4.122	7.938
0.294	-1.747	0.632	0.670	2.100	3.655	7.938
0.056	-1.941	0.294	0.515	1.781	3.248	7.938
-0.055	-2.066	-0.143	0.370	1.564	2.845	7.938
0.185	-1.803	0.466	0.650	2.097	3.194	7.938
-0.072	-1.663	-0.108	0.698	1.431	2.763	7.938
-0.130	-1.987	-0.200	0.210	0.874	1.279	7.938
0.019	-1.802	-0.089	-0.817	0.943	1.773	7.938
-0.067	-1.329	-0.071	0.387	0.726	1.279	7.938
0.182	-1.451	-0.202	-0.649	0.577	1.088	7.938
0.506	-0.786	-0.028	-0.088	0.349	0.551	7.938
-0.222	-0.527	0.075	-0.169	0.038	0.108	7.938
1.318	0.284	0.209	-0.296	-0.370	-0.070	7.938
1.417	0.604	0.133	-0.592	-0.993	-1.448	7.938
2.240	1.467	0.614	-0.488	-1.191	-2.174	7.938
2.316	1.598	0.262	-0.921	-1.793	-2.690	7.938
1.973	1.670	0.308	-1.149	-1.876	-2.742	7.938
2.319	2.154	0.321	-1.088	-1.873	-2.998	7.938
2.431	2.325	-0.218	-1.305	-2.526	-3.223	7.938
2.529	2.346	-0.136	-1.767	-3.096	-4.350	7.938
3.489	3.462	0.476	-1.440	-3.014	-4.427	7.938
3.547	3.445	0.170	-2.033	-3.603	-5.339	7.938
3.459	3.501	0.082	-1.952	-3.354	-5.629	7.938
3.342	4.140	0.328	-1.701	-3.255	-5.208	7.938
3.327	3.828	0.291	-2.086	-3.446	-4.991	9.587
3.118	3.659	0.033	-1.926	-3.573	-5.357	9.587
3.488	4.188	0.317	-1.415	-2.955	-5.112	9.587
5.831	6.749	-0.001	-4.096	-6.860	-5.288	9.587
2.344	3.228	-0.086	-1.530	-2.814	-4.600	9.587
2.447	3.171	0.168	-1.082	-2.307	-3.450	9.587
2.059	3.027	0.131	-0.993	-1.776	-3.065	9.587
1.848	2.911	0.136	-1.100	-1.809	-2.681	9.587
1.882	2.540	0.105	-0.786	-1.527	-2.654	9.587
1.619	2.115	-0.064	-1.116	-1.614	-2.794	9.587
0.973	1.521	-0.123	-0.879	-1.027	-2.141	9.587
1.045	1.449	0.157	-0.474	-0.481	-1.062	9.587
0.648	0.780	-0.114	-0.523	-0.562	-0.635	9.587
0.268	0.322	-0.036	-0.672	0.037	-0.435	9.587
0.480	0.280	0.022	-0.703	0.413	0.465	9.587
0.629	0.017	0.302	0.364	0.974	1.335	9.587
0.145	-0.384	0.105	-0.036	1.149	1.339	9.587
0.422	0.168	0.428	0.674	1.644	2.200	9.587
0.155	-0.980	0.263	0.087	1.484	2.197	9.587
0.635	-0.491	0.816	0.672	2.168	3.596	9.587
0.867	-0.978	0.634	0.684	2.123	3.968	9.587
0.542	-1.211	0.659	0.313	2.310	3.935	9.587
0.227	-1.731	0.341	0.694	2.408	4.038	9.587
0.459	-1.749	0.578	0.571	2.474	4.499	9.587
0.615	-1.343	0.815	1.214	2.967	3.818	9.587
0.346	-1.796	0.103	0.739	2.126	3.430	9.587
-0.072	-2.109	0.150	0.334	1.643	2.852	9.587
-0.282	-2.231	0.044	0.237	1.201	2.535	9.587
-0.335	-2.314	-0.471	0.039	0.998	2.140	9.587
-0.152	-1.894	0.153	0.837	1.690	2.392	9.587
-0.425	-2.435	-0.558	-0.439	0.591	1.779	9.587
-0.363	-2.102	-0.466	-0.173	0.482	1.500	9.587
-0.379	-1.868	-0.489	-0.363	0.509	1.030	9.587
-0.642	-1.308	-0.254	-0.188	0.355	0.185	9.587
0.327	-0.787	0.312	0.176	0.877	0.204	9.587
0.549	-0.335	0.189	0.015	0.171	0.220	9.587
0.810	0.003	0.185	0.019	-0.278	-0.595	9.587
1.073	0.295	0.248	-0.355	-0.744	-1.031	9.587
1.772	1.109	0.480	-0.206	-0.733	-1.248	9.587
1.757	1.312	0.311	-0.606	-1.473	-2.147	9.587
2.199	1.952	0.608	-0.347	-1.258	-1.822	9.587
1.927	2.275	0.358	-0.609	-1.468	-2.269	9.587
2.108	2.281	0.431	-0.759	-1.792	-2.615	9.587
2.367	2.456	0.128	-0.851	-2.398	-3.423	9.587
2.757	2.922	0.398	-1.243	-2.563	-3.898	9.587
3.229	3.327	0.210	-1.420	-3.162	-4.777	9.587
3.267	3.686	0.380	-1.748	-3.264	-4.893	9.587
3.217	3.733	0.209	-1.775	-3.187	-5.109	9.587
3.216	3.682	0.184	-1.577	-3.080	-4.889	10.270
2.776	3.409	-0.027	-1.872	-3.336	-4.816	10.270
3.079	3.761	0.208	-1.550	-3.054	-4.694	10.270
3.304	3.883	-0.025	-1.343	-3.297	-5.098	10.270
5.139	6.228	-0.039	-4.149	-6.885	-4.898	10.270
3.888	5.014	0.239	-2.037	-3.174	-4.754	10.270
5.615	7.063	0.202	-3.102	-5.670	-4.366	10.270
2.225	3.529	-0.419	-2.145	-3.545	-4.784	10.270
1.801	3.120	-0.234	-1.431	-2.477	-3.889	10.270
1.782	2.800	-0.140	-1.119	-2.155	-3.750	10.270
1.729	2.673	-0.065	-0.912	-1.934	-3.244	10.270
1.554	2.650	0.078	-0.742	-1.384	-3.468	10.270
1.325	2.547	0.020	-0.624	-1.513	-2.261	10.270
1.090	2.341	-0.483	-0.957	-1.786	-2.556	10.270
1.284	2.152	0.011	-0.712	-0.604	-2.028	10.270
0.767	1.633	-0.561	-1.196	-1.674	-3.123	10.270
1.683	1.993	-0.143	-0.871	-1.263	-2.294	10.270
2.006	3.143	0.474	-0.393	-0.846	-1.472	10.270
1.128	1.904	-0.055	-0.757	-1.200	-2.258	10.270
1.529	1.328	-0.363	-0.978	-1.357	-1.996	10.270
0.893	1.524	-0.207	-0.470	-1.034	-1.865	10.270
0.790	2.278	-0.049	-0.627	-0.626	-1.657	10.270
0.839	1.214	0.005	-0.394	-0.541	-1.174	10.270
0.712	0.911	0.045	0.690	-0.418	-0.507	10.270
0.463	0.041	0.072	-0.162	-0.301	-0.281	10.270
0.474	0.944	0.103	-0.056	-0.127	-0.048	10.270
0.729	0.885	0.150	0.040	0.336	0.475	10.270
0.898	1.225	0.260	1.076	0.378	0.867	10.270
0.762	0.548	0.248	0.017	0.672	0.378	10.270
0.544	0.204	0.265	0.215	0.649	2.746	10.270
-0.231	-0.565	-0.138	-0.312	0.823	0.456	10.270
-0.367	-0.724	-0.174	0.081	0.557	1.403	10.270
0.113	-0.038	0.090	0.166	0.640	1.019	10.270
-0.158	-0.551	0.156	0.036	1.427	1.071	10.270
-0.289	-0.891	0.012	0.152	0.998	1.489	10.270
0.115	-0.528	0.403	0.765	1.428	1.790	10.270
0.294	-0.089	0.343	0.436	2.113	0.628	10.270
0.068	-0.918	0.276	0.396	1.718	2.135	10.270
0.057	-0.744	0.268	0.336	1.484	2.391	10.270
-0.123	-1.266	0.105	0.040	1.255	2.876	10.270
0.529	-0.890	0.689	1.051	2.143	3.745	10.270
0.532	-0.955	0.705	0.995	2.286	3.747	10.270
0.138	-1.512	0.452	0.610	2.085	3.447	10.270
0.449	-1.114	0.448	0.774	2.357	3.613	10.270
0.383	-1.022	0.591	1.036	2.677	4.044	10.270
0.430	-1.626	0.317	0.399	2.138	3.383	10.270
0.467	-1.302	0.750	0.882	2.845	4.448	10.270
0.868	-1.129	0.588	0.744	2.687	4.195	10.270
0.755	-1.511	0.719	1.048	2.504	3.963	10.270
0.512	-1.799	0.664	0.736	2.306	3.350	10.270
0.349	-1.525	0.450	0.805	2.414	3.003	10.270
0.283	-1.581	0.274	0.774	2.208	2.842	10.270
-0.021	-2.047	-0.140	0.356	1.512	2.592	10.270
-0.291	-2.374	-0.297	0.072	1.191	2.196	10.270
-0.544	-2.489	-0.226	0.059	1.096	1.914	10.270
-0.614	-2.345	-0.231	0.128	0.995	1.871	10.270
-0.638	-2.642	-0.470	-0.142	0.595	1.566	10.270
-0.796	-2.700	-0.671	-0.116	0.896	1.368	10.270
-0.887	-2.740	-0.669	-0.370	0.519	1.735	10.270
-1.207	-2.991	-0.832	-0.374	0.471	0.999	10.270
-0.399	-2.485	-0.784	-0.155	0.425	1.947	10.270
-0.858	-2.408	-0.537	-0.057	0.343	0.862	10.270
-0.865	-2.464	-0.631	-0.389	0.159	0.689	10.270
-1.010	-2.225	-0.580	-0.315	0.139	0.535	10.270
-0.648	-1.363	-0.188	0.196	0.623	-0.489	10.270
-0.746	-2.289	-0.431	-0.239	0.059	0.819	10.270
-0.379	-1.666	-0.346	-0.093	0.362	0.589	10.270
-0.215	-1.445	-0.189	-0.083	0.071	0.543	10.270
-0.040	-0.858	0.017	0.123	0.311	0.338	10.270
-0.019	-0.816	0.063	0.023	0.102	0.125	10.270
-0.006	-1.000	-0.238	-0.362	-0.249	-0.105	10.270
2.243	0.932	2.389	1.334	1.440	0.739	10.270
0.190	-0.329	-0.213	-0.175	-0.565	-0.273	10.270
0.806	0.249	0.411	0.076	-0.116	-0.296	10.270
0.398	0.280	-0.159	-0.433	-0.877	-1.224	10.270
0.677	0.266	-0.128	-0.521	-0.946	-1.111	10.270
1.152	0.872	0.443	-0.106	-0.575	-0.972	10.270
1.382	0.992	0.173	-0.410	-0.872	-1.285	10.270
1.344	1.255	0.332	-0.229	-0.860	-1.266	10.270
1.536	1.401	0.228	-1.060	-1.046	-1.496	10.270
1.176	1.011	0.068	-0.544	-1.240	-1.612	10.270
0.836	0.893	-0.264	-1.279	-1.036	-2.038	10.270
1.348	1.533	0.319	-0.491	-1.069	-1.589	10.270
1.633	1.930	0.573	-0.605	-0.301	-1.573	10.270
1.448	2.237	0.348	-0.117	-1.194	-1.755	10.270
1.991	2.500	0.621	-0.193	-0.940	-2.276	10.270
1.763	2.112	0.192	-0.626	-1.814	-2.548	10.270
2.259	2.752	0.430	-0.757	-1.547	-2.645	10.270
2.115	2.839	0.285	-1.047	-1.968	-3.205	10.270
2.142	2.535	-0.132	-1.680	-2.935	-4.123	10.270
2.431	2.831	0.105	-1.661	-2.270	-4.390	10.270
2.833	3.015	0.004	-1.921	-3.363	-4.754	10.270
2.967	3.208	0.146	-1.577	-3.092	-4.974	10.270
2.895	3.371	0.057	-1.854	-3.015	-4.860	10.270
2.958	3.421	0.145	-1.514	-3.161	-4.810	10.270
3.245	3.746	0.179	-1.075	-3.188	-5.118	10.270
3.134	3.412	0.189	-1.931	-3.030	-4.494	10.174
3.016	2.821	-0.226	-1.825	-3.357	-4.659	10.174
2.825	3.152	0.063	-1.560	-2.940	-4.980	10.174
2.751	3.150	-0.113	-1.821	-3.125	-4.450	10.174
4.675	5.500	-0.265	-4.139	-6.595	-4.659	10.174
1.984	2.694	-0.419	-1.995	-3.473	-4.383	10.174
4.147	6.142	-0.127	-2.952	-5.360	-3.779	10.174
1.881	2.561	-0.150	-1.303	-2.320	-3.473	10.174
1.616	2.404	-0.223	-1.134	-1.586	-3.028	10.174
0.945	2.282	-0.362	-0.970	-1.703	-2.636	10.174
0.972	2.091	-0.016	-0.384	-1.013	-1.988	10.174
0.825	2.222	0.209	-0.147	-0.437	-1.003	10.174
0.196	1.554	-0.412	-1.247	-0.884	-1.566	10.174
0.961	1.851	0.159	-0.091	-0.134	-0.645	10.174
0.578	1.816	-0.057	0.292	-0.414	-0.895	10.174
0.487	0.826	-0.280	-0.715	-0.536	-1.424	10.174
0.165	0.995	-0.784	-1.153	-1.199	-1.602	10.174
0.667	1.408	-0.251	0.014	-0.835	-1.423	10.174
0.783	1.541	-0.069	-0.332	-0.813	-1.291	10.174
0.834	1.272	0.025	-0.242	-0.761	-0.890	10.174
0.598	1.355	0.037	-0.006	-0.252	-0.578	10.174
0.024	0.852	-0.090	-0.160	-0.490	-0.477	10.174
0.399	1.270	0.034	-0.303	-0.098	-0.550	10.174
0.197	0.575	-0.123	-0.060	-0.207	-0.445	10.174
0.763	0.714	-0.039	0.588	-0.160	-0.652	10.174
-0.170	0.920	-0.225	-0.083	0.110	-0.001	10.174
-0.021	0.512	-0.167	-0.012	0.261	1.923	10.174
0.290	0.441	0.102	0.259	0.701	0.193	10.174
-0.075	0.125	-0.012	0.494	0.537	0.435	10.174
-0.086	0.302	0.249	-0.067	1.019	0.486	10.174
-0.433	-0.456	0.049	0.111	0.487	0.875	10.174
0.229	-0.241	0.020	0.037	0.937	0.854	10.174
-0.414	-0.598	0.175	0.273	0.767	1.014	10.174
0.283	0.084	0.466	1.020	1.328	1.232	10.174
-0.471	-0.849	0.309	0.686	1.265	0.860	10.174
-0.008	-0.656	0.292	0.857	1.324	1.288	10.174
-0.445	-1.163	-0.056	0.129	0.704	1.179	10.174
0.147	-0.933	0.064	0.228	1.249	1.577	10.174
-0.365	-1.017	0.190	0.260	1.216	1.690	10.174
0.878	-0.401	0.632	0.906	1.599	2.653	10.174
0.328	-1.096	0.424	0.235	1.507	3.948	10.174
0.067	-1.083	0.401	0.759	1.925	4.025	10.174
0.120	-0.811	0.402	1.201	2.274	3.617	10.174
-0.064	-1.600	0.168	0.540	2.054	3.330	10.174
0.871	-1.116	0.608	0.759	2.708	3.258	10.174
0.271	-1.408	0.486	0.760	2.707	3.903	10.174
0.250	-1.808	0.199	0.385	1.955	1.963	10.174
0.398	-1.846	0.652	0.981	2.448	3.932	10.174
0.387	-1.592	0.457	0.379	2.347	3.911	10.174
0.468	-1.450	0.321	0.481	2.182	3.742	10.174
0.307	-1.746	0.357	0.774	1.984	3.374	10.174
-0.080	-1.993	0.274	0.254	1.730	2.657	10.174
-0.034	-1.698	0.056	0.450	1.811	2.273	10.174
-0.071	-1.918	-0.093	0.272	1.335	2.037	10.174
-0.510	-2.442	-0.380	-0.053	0.846	1.659	10.174
-0.851	-2.836	-0.652	-0.343	0.564	1.120	10.174
-1.036	-2.701	-0.575	-0.107	0.593	1.125	10.174
-1.067	-2.691	-0.863	-0.526	0.193	0.928	10.174
-1.238	-3.048	-0.480	-0.227	0.702	0.972	10.174
-1.115	-2.530	-0.724	-0.515	0.119	1.195	10.174
-1.160	-2.581	-0.795	-0.247	-0.048	0.208	10.174
-1.474	-2.751	-0.988	-0.773	-0.210	0.815	10.174
-1.469	-2.449	-0.958	-0.275	-0.125	0.159	10.174
-1.172	-3.167	-0.693	0.191	0.210	0.149	10.174
-1.026	-2.006	-0.667	-0.298	0.050	0.182	10.174
-1.069	-1.828	-0.372	-0.522	-0.179	0.581	10.174
-1.110	-2.775	-0.605	-0.286	-0.592	0.613	10.174
-1.210	-1.747	-0.510	-0.318	-0.270	0.027	10.174
-0.551	-1.471	-0.315	-0.069	-0.104	-0.106	10.174
-0.308	-0.874	-0.136	-0.524	-0.041	-0.271	10.174
-0.108	-0.784	0.594	0.138	0.304	0.388	10.174
13.121	13.467	2.070	14.011	13.573	8.356	10.174
0.048	-0.243	0.288	0.080	-0.095	-0.099	10.174
0.226	-0.313	-0.048	0.232	-0.163	-0.240	10.174
0.361	0.107	-0.295	0.267	-0.190	-0.178	10.174
0.519	0.445	0.335	0.293	-0.100	-0.299	10.174
0.404	0.140	0.134	-0.058	-0.217	-0.615	10.174
0.475	0.563	0.222	-0.022	-0.440	-0.706	10.174
0.793	0.897	0.212	-0.117	-0.512	-0.503	10.174
0.754	1.245	0.431	0.025	-0.436	-0.771	10.174
1.160	1.304	0.436	0.075	0.650	-0.276	10.174
1.037	1.063	0.354	0.434	-1.031	-0.788	10.174
0.626	1.213	0.364	-0.738	-0.139	-0.506	10.174
0.515	0.874	0.099	-0.291	-0.742	-0.685	10.174
0.471	1.180	0.089	-0.197	-0.051	-0.682	10.174
0.901	1.564	0.282	-0.300	-0.634	-0.882	10.174
0.926	1.813	0.318	-0.374	-0.467	-1.260	10.174
1.335	1.948	0.231	-0.532	-0.907	-1.490	10.174
1.706	2.235	0.106	-0.916	-1.523	-2.032	10.174
1.427	3.216	0.159	-1.893	-2.028	-2.882	10.174
1.526	2.295	-0.031	-1.574	-2.647	-3.527	10.174
2.384	2.729	0.040	-1.538	-2.683	-4.108	10.174
2.483	2.855	0.203	-1.626	-2.874	-4.123	10.174
2.647	3.081	0.081	-1.660	-3.042	-4.554	10.174
2.671	2.795	-0.202	-1.881	-3.270	-4.897	10.174
2.599	3.058	-0.128	-1.828	-3.237	-4.947	10.174
2.529	2.586	-0.108	-1.698	-3.144	-4.397	9.410
2.647	2.651	-0.116	-1.752	-3.066	-4.656	9.410
2.286	2.316	-0.370	-1.599	-3.079	-4.146	9.410
2.498	2.666	-0.178	-1.597	-3.104	-4.510	9.410
3.817	4.381	-0.111	-3.507	-6.321	-3.940	9.410
2.075	2.888	-0.333	-1.365	-2.772	-3.872	9.410
3.314	4.574	-0.453	-2.365	-4.448	-3.112	9.410
1.645	2.181	-0.212	-0.929	-1.905	-3.051	9.410
1.218	1.910	-0.221	-0.387	-1.474	-2.100	9.410
0.188	2.139	-0.581	-1.350	-1.379	-1.746	9.410
0.098	1.603	-0.247	-0.127	-0.258	-0.617	9.410
0.292	1.025	-0.194	0.017	-0.198	-0.330	9.410
-0.181	1.301	-0.148	0.147	0.365	0.262	9.410
-0.411	0.935	-0.371	-0.171	-0.213	-0.520	9.410
-0.188	0.979	-0.298	-0.330	1.104	-0.265	9.410
-0.062	1.047	-0.200	0.098	0.050	-0.298	9.410
-0.099	1.320	-0.109	0.054	0.094	-0.152	9.410
0.068	1.007	-0.588	-0.285	-0.506	-0.507	9.410
0.280	1.041	0.161	0.550	-0.017	-0.356	9.410
0.600	1.250	-0.046	0.078	-0.313	-0.586	9.410
-0.969	0.178	-0.681	-0.298	-0.591	-0.962	9.410
0.248	1.015	-0.098	0.102	-0.066	-0.428	9.410
-0.032	0.544	-0.340	0.055	-0.178	0.132	9.410
0.483	0.713	0.147	0.516	0.152	0.215	9.410
-0.215	0.711	-0.048	0.153	0.156	1.585	9.410
0.628	0.416	0.014	-0.224	0.347	0.117	9.410
-0.144	0.152	-0.037	0.227	0.277	-0.478	9.410
-0.080	0.372	0.057	0.473	0.361	0.165	9.410
0.090	0.368	0.062	0.335	0.473	0.146	9.410
-0.452	-0.158	-0.202	0.143	0.298	0.511	9.410
-0.358	0.037	0.061	0.126	0.694	0.354	9.410
-0.159	-0.211	0.235	0.453	0.705	0.638	9.410
-0.237	0.240	-0.263	-0.680	0.661	0.077	9.410
-0.729	-1.105	-0.406	0.144	0.236	-0.847	9.410
-0.477	-0.722	-0.079	0.829	0.582	-0.051	9.410
-0.904	-1.031	-0.423	-0.193	-0.004	0.293	9.410
0.181	-0.937	-0.132	-0.015	0.329	1.207	9.410
-0.349	-1.210	-0.589	-0.039	0.323	0.144	9.410
-0.305	-0.841	0.101	0.240	1.038	0.839	9.410
0.772	-0.717	0.211	-0.079	1.327	1.869	9.410
0.663	-0.943	0.298	0.637	1.697	2.185	9.410
0.660	-0.873	0.277	0.650	1.799	2.689	9.410
0.299	-1.028	0.411	0.528	1.694	3.182	9.410
0.744	-0.919	0.350	0.840	2.130	3.672	9.410
0.349	-1.019	0.464	0.572	1.946	3.175	9.410
0.801	-0.918	0.637	0.849	2.109	3.876	9.410
0.953	-0.964	0.761	1.250	2.763	3.573	9.410
0.173	-1.286	0.198	0.392	1.836	3.740	9.410
0.174	-1.480	0.265	0.350	2.012	3.301	9.410
0.304	-1.353	0.325	1.193	2.026	3.104	9.410
-0.080	-1.746	0.179	0.306	1.823	2.843	9.410
0.079	-1.723	0.112	0.357	1.639	2.774	9.410
-0.307	-2.235	0.051	-0.037	1.221	2.398	9.410
-0.509	-1.925	-0.195	0.033	1.301	1.842	9.410
-0.230	-1.974	-0.394	-0.026	0.882	1.447	9.410
-0.661	-2.426	-0.449	-0.171	0.482	1.076	9.410
-1.140	-2.630	-1.033	-1.056	-0.439	0.204	9.410
-1.332	-2.678	-0.986	-0.741	-0.111	-0.005	9.410
-1.435	-2.192	-0.968	-0.776	-0.177	-0.110	9.410
-1.209	-2.347	-0.904	-1.145	-0.752	-0.378	9.410
-0.881	-2.206	-0.905	-0.955	-0.816	-0.746	9.410
-1.552	-2.454	-1.072	-0.916	-0.538	-0.589	9.410
-0.846	-1.727	-1.043	0.246	0.396	-0.676	9.410
-1.513	-2.553	-0.830	-0.698	-0.654	-0.330	9.410
-1.485	-2.322	-1.141	-0.811	-0.673	-0.992	9.410
-0.602	-1.810	-0.549	-0.234	-0.171	0.032	9.410
-1.393	-1.772	-0.853	-0.551	-0.624	-0.381	9.410
-0.813	-1.383	-0.324	0.306	-0.092	0.124	9.410
-0.835	-1.655	-0.387	-0.253	-0.174	-0.282	9.410
-0.430	-0.911	-0.251	-0.276	0.096	-0.349	9.410
-0.209	-0.612	-0.371	0.230	-0.133	-0.275	9.410
-0.655	-1.172	0.745	0.359	0.917	-0.153	9.410
-0.295	-0.524	-0.082	0.167	-0.068	0.015	9.410
-0.316	-0.187	-0.570	0.047	-0.176	0.123	9.410
-14.085	-13.855	-2.077	-12.968	-12.856	-12.639	9.410
-0.294	-0.947	-0.672	-0.129	-0.417	-0.348	9.410
-0.169	0.039	0.044	-0.041	-0.148	-0.150	9.410
0.254	1.009	0.185	0.167	-0.020	0.010	9.410
0.137	0.650	0.328	0.299	-0.056	-0.034	9.410
0.963	1.399	0.339	0.241	0.041	0.317	9.410
0.080	-0.394	0.136	0.253	0.123	0.158	9.410
0.188	1.063	0.161	-0.026	0.070	0.285	9.410
-0.073	0.674	0.119	0.305	-0.010	0.463	9.410
-0.107	0.671	-0.021	-0.268	0.053	0.239	9.410
-0.263	0.562	0.052	0.863	0.361	0.906	9.410
-0.270	0.754	-0.068	-0.247	-0.310	0.103	9.410
-0.018	0.896	-0.233	-0.515	-0.486	-0.265	9.410
0.605	1.389	0.119	-0.501	-0.777	-0.883	9.410
0.960	1.815	0.062	-0.707	-0.898	-1.365	9.410
1.576	2.005	0.088	-1.191	-1.007	-2.302	9.410
1.768	2.396	0.109	-1.164	-1.895	-2.554	9.410
1.913	2.122	-0.197	-1.695	-2.702	-3.715	9.410
2.356	3.080	0.353	-1.227	-2.420	-3.467	9.410
2.527	2.661	0.022	-1.617	-3.001	-4.210	9.410
1.741	2.275	-0.377	-2.427	-3.214	-4.599	9.410
2.570	2.667	0.128	-1.393	-2.697	-3.711	9.410
2.201	1.542	-0.423	-1.731	-2.901	-3.831	8.262
2.161	2.073	-0.197	-1.619	-2.448	-3.906	8.262
2.262	1.917	-0.373	-1.788	-2.931	-4.185	8.262
1.947	1.954	-0.188	-1.368	-2.580	-3.710	8.262
3.682	3.935	-0.097	-1.304	-4.626	-3.357	8.262
1.519	1.868	-0.195	-1.098	-2.141	-2.926	8.262
2.308	2.417	-1.023	-2.307	-3.739	-2.865	8.262
1.177	1.039	-0.376	-0.766	-1.539	-2.157	8.262
0.358	1.156	-0.408	-0.391	-1.100	-1.442	8.262
-0.240	0.582	-0.390	-0.246	-0.547	-0.207	8.262
-0.898	0.485	-0.499	-0.204	-0.168	-0.034	8.262
-0.890	0.335	-0.154	0.664	0.737	0.652	8.262
0.072	1.282	-0.116	1.745	2.087	1.546	8.262
-0.671	0.663	0.029	0.300	1.127	1.112	8.262
-0.427	0.676	-0.004	0.785	0.676	1.140	8.262
-1.928	0.154	-0.417	0.203	0.442	-0.470	8.262
-0.955	0.379	-0.358	0.295	0.251	-0.137	8.262
-0.770	0.591	-0.165	0.411	0.071	0.141	8.262
-0.782	1.233	-0.367	0.962	0.325	0.349	8.262
-0.475	0.470	-0.169	0.120	0.316	0.250	8.262
-0.247	0.367	-0.225	0.316	0.322	0.823	8.262
-0.417	0.551	-0.002	0.687	0.577	0.390	8.262
-0.298	0.685	-0.391	0.055	0.348	-0.124	8.262
-0.035	0.935	-0.154	1.101	0.857	0.050	8.262
-0.116	0.275	-0.100	0.977	0.292	-0.003	8.262
-0.457	0.029	-0.226	0.205	0.134	-0.300	8.262
-0.510	-0.094	-0.355	0.191	0.241	0.479	8.262
-0.583	-0.070	-0.118	0.145	-0.020	-0.234	8.262
-0.257	0.246	-0.103	0.019	0.638	-0.247	8.262
-0.233	-0.034	0.036	0.213	0.665	-0.143	8.262
-0.840	-0.434	-0.164	0.387	0.194	0.063	8.262
-1.251	-0.287	-0.316	-0.066	0.208	-0.299	8.262
-0.241	-0.423	-0.094	0.073	0.126	-0.377	8.262
-1.091	-0.863	-0.338	0.230	0.217	-0.229	8.262
-0.564	-0.421	-0.345	0.125	-0.321	-0.272	8.262
-0.466	-1.297	-0.246	-0.495	-0.465	-0.747	8.262
-0.725	-0.902	-0.509	0.035	0.158	-0.908	8.262
-0.439	-0.865	-0.420	-0.442	0.507	-0.548	8.262
-0.097	-0.628	-0.206	0.160	0.630	0.336	8.262
0.428	-0.145	0.172	0.734	0.874	1.379	8.262
0.149	-0.232	0.062	0.873	0.886	1.663	8.262
0.422	-0.344	0.371	1.260	1.369	2.313	8.262
0.554	-0.008	0.422	0.822	1.668	1.835	8.262
0.266	-0.300	0.192	0.399	1.957	2.542	8.262
0.347	-0.700	0.272	0.477	1.461	2.791	8.262
0.474	-0.800	0.300	0.372	1.545	3.521	8.262
0.369	-0.995	0.179	0.215	1.462	2.757	8.262
0.014	-1.009	0.279	0.538	1.862	2.537	8.262
0.282	-1.213	0.108	-0.640	1.251	2.719	8.262
-0.022	-1.555	0.070	0.280	1.529	3.448	8.262
-0.451	-1.689	-0.424	0.114	1.108	2.192	8.262
-0.130	-1.619	-0.109	0.307	1.155	2.528	8.262
-0.065	-1.487	-0.045	0.204	1.261	2.024	8.262
-0.180	-1.800	-0.477	-0.507	0.612	1.824	8.262
-0.617	-2.005	-0.580	-0.454	0.305	0.877	8.262
-0.987	-2.027	-0.756	-0.166	0.051	0.345	8.262
-1.320	-2.237	-1.050	-0.533	-0.444	-0.171	8.262
-1.148	-1.758	-0.816	-0.706	-0.665	-1.038	8.262
-2.098	-2.006	-1.096	-1.053	-0.977	-2.005	8.262
-1.247	-2.028	-1.248	-1.364	-0.581	-1.744	8.262
-1.311	-2.087	-0.981	-1.478	-1.594	-1.934	8.262
-1.906	-2.145	-1.079	-1.056	-1.171	-1.795	8.262
-1.340	-1.625	-0.735	-0.857	-0.462	-1.023	8.262
-1.662	-1.888	-0.827	-0.519	-0.552	-0.803	8.262
-1.228	-1.765	-0.865	-0.618	-0.743	-0.982	8.262
-1.118	-1.366	-0.528	-0.374	-0.189	-0.436	8.262
-0.922	-1.210	-0.397	-0.061	-0.208	-0.444	8.262
-0.627	-0.689	-0.230	0.153	0.042	-0.262	8.262
-1.078	-1.255	-0.481	-0.106	-0.448	-0.790	8.262
-0.427	-0.836	-0.001	0.403	0.201	-0.101	8.262
-0.545	-0.651	-0.084	0.451	0.237	0.093	8.262
-0.909	-1.612	-0.026	0.156	0.060	-0.675	8.262
-0.397	0.248	0.060	0.604	0.483	0.282	8.262
0.035	0.023	0.318	0.913	0.755	0.358	8.262
-0.686	-0.671	-0.817	0.345	-0.144	0.202	8.262
0.066	0.211	0.398	0.813	0.945	0.785	8.262
-0.034	-0.674	0.135	0.601	0.525	1.076	8.262
-0.147	-0.050	0.330	0.575	0.442	0.832	8.262
-0.224	0.403	0.238	0.566	0.529	1.021	8.262
-0.651	-0.632	0.202	0.482	0.444	0.855	8.262
0.013	0.175	0.202	0.583	0.847	1.312	8.262
-0.755	-0.144	-0.005	0.414	0.569	1.020	8.262
-0.797	0.024	0.036	0.401	0.915	1.607	8.262
-0.829	0.249	0.248	0.842	1.514	1.879	8.262
-1.271	-0.026	0.213	0.701	1.339	2.104	8.262
-0.748	0.500	0.106	0.865	1.400	1.820	8.262
-0.346	0.579	0.137	0.199	0.393	1.536	8.262
-0.940	0.489	-0.240	-0.268	0.082	0.056	8.262
0.455	0.855	-0.050	-0.339	-0.492	-0.487	8.262
1.403	1.227	-0.061	-0.687	-1.177	-1.252	8.262
1.367	1.444	-0.024	-0.925	-1.453	-1.768	8.262
0.857	1.923	-0.509	-1.472	-2.598	-3.131	8.262
1.565	1.789	-0.427	-1.509	-2.645	-3.357	8.262
2.096	1.837	-0.205	-1.707	-2.607	-2.770	8.262
2.272	2.056	-0.063	-1.437	-2.662	-3.542	8.262
2.109	2.094	-0.318	-1.655	-2.735	-3.910	8.262
1.992	1.458	-0.439	-1.551	-2.744	-3.743	6.741
1.775	1.008	-0.489	-1.776	-2.900	-3.673	6.741
1.408	0.981	-0.527	-1.731	-2.677	-3.487	6.741
1.591	0.612	-0.479	-1.780	-2.915	-3.847	6.741
3.325	2.429	-0.489	-2.285	-3.936	-1.946	6.741
0.743	0.628	-0.772	-1.950	-2.456	-3.005	6.741
1.606	1.103	-0.940	-1.714	-3.080	-1.942	6.741
0.240	0.057	-0.760	-0.928	-1.515	-1.563	6.741
-0.497	-0.283	-0.811	-0.978	-1.057	-1.011	6.741
-0.952	-0.244	-0.659	0.047	-0.151	-0.156	6.741
-1.266	-0.506	-0.733	0.290	0.158	1.144	6.741
-1.562	-0.316	-0.179	0.928	1.261	2.131	6.741
-1.782	-0.509	-0.149	0.881	1.656	2.794	6.741
-1.799	-0.411	-0.191	1.660	1.569	2.032	6.741
-1.632	-0.542	-0.224	0.751	1.270	1.581	6.741
-1.619	-0.341	-0.468	0.383	0.694	0.381	6.741
-1.170	-0.054	-0.049	0.833	1.223	1.543	6.741
-1.285	-0.438	-0.372	0.354	0.567	0.226	6.741
-1.796	-0.210	-0.186	0.763	1.653	1.219	6.741
-1.035	-0.578	-0.430	0.464	0.372	1.216	6.741
-0.533	0.151	0.038	0.870	0.843	1.278	6.741
-0.681	0.130	-0.160	0.632	0.529	1.178	6.741
-0.909	-0.290	-0.121	0.660	0.421	0.450	6.741
0.048	0.584	-0.189	1.255	1.034	0.425	6.741
-0.733	-0.071	-0.254	0.353	0.275	0.234	6.741
-0.700	-0.225	-0.244	0.455	0.339	-0.067	6.741
-0.066	0.984	0.741	1.289	0.937	0.288	6.741
10.982	10.578	5.089	13.247	12.113	6.727	6.741
-0.979	-0.421	-0.481	-0.227	-0.525	-0.642	6.741
-0.349	0.068	-0.146	0.466	-0.181	-0.523	6.741
-0.531	-0.161	-0.074	0.161	0.110	-0.832	6.741
-0.802	0.088	-0.268	0.175	0.135	-0.515	6.741
-0.717	-0.369	-0.341	0.313	-0.120	-1.152	6.741
-0.848	-0.685	-0.389	-0.156	-0.311	-0.500	6.741
-1.002	-1.124	-0.539	-0.696	-0.853	-1.366	6.741
-0.990	-0.420	-0.661	-0.472	-0.761	-2.028	6.741
-0.757	-1.268	-0.803	-1.236	-0.717	-2.345	6.741
-0.200	-0.273	-0.499	-0.317	-0.610	-1.301	6.741
-0.465	-0.338	-0.530	-0.398	-0.791	-0.122	6.741
-0.285	-0.274	-0.337	-0.296	-0.180	-0.037	6.741
0.144	-0.317	-0.278	-0.030	0.090	0.896	6.741
0.356	0.019	0.409	0.704	1.307	1.203	6.741
0.211	-0.271	0.167	1.255	1.303	1.715	6.741
0.700	-0.314	0.469	1.255	1.616	2.471	6.741
1.278	0.278	0.589	0.647	1.431	2.380	6.741
0.277	-0.212	0.486	0.801	1.615	2.338	6.741
1.152	-0.261	0.358	0.457	1.311	2.323	6.741
1.484	-0.237	0.335	0.274	1.407	2.543	6.741
-0.361	-1.219	-0.010	0.067	0.997	2.123	6.741
-0.216	-0.801	-0.134	-0.219	1.127	2.039	6.741
-0.064	-1.394	-0.274	-0.301	0.529	1.277	6.741
-0.555	-1.312	-0.281	-0.524	0.723	0.734	6.741
-0.506	-1.040	-0.225	0.146	0.631	1.393	6.741
-0.367	-1.349	-0.514	-0.358	0.404	1.180	6.741
-0.496	-1.189	-0.386	-0.689	0.057	0.269	6.741
-1.322	-1.756	-0.820	-0.807	-0.487	-0.764	6.741
-0.927	-0.952	-0.873	-0.633	-0.855	-1.263	6.741
-1.244	-1.784	-1.150	-1.220	-1.540	-1.845	6.741
-0.954	-1.519	-0.905	-1.204	-1.356	-2.207	6.741
-0.883	-1.132	-0.941	-0.790	-1.548	-2.382	6.741
-1.879	-2.551	-1.710	-2.059	-2.692	-3.058	6.741
-1.993	-2.216	-1.473	-1.563	-1.808	-3.022	6.741
-1.544	-1.460	-1.033	-0.402	-1.200	-1.913	6.741
-1.682	-1.204	-1.048	-0.924	-1.166	-1.293	6.741
-1.645	-1.414	-1.097	-0.819	-1.328	-1.820	6.741
-0.656	-0.499	-0.237	0.173	-0.292	-1.280	6.741
-0.705	-0.875	-0.561	-0.154	-0.627	-0.899	6.741
-1.314	-1.292	-0.609	-0.243	-0.648	-1.086	6.741
-0.949	-0.952	-0.256	0.171	-0.383	-0.847	6.741
-0.693	-0.932	-0.133	0.308	-0.020	-0.156	6.741
-0.693	-0.672	0.013	0.160	-0.146	-0.433	6.741
9.838	10.099	5.821	11.953	11.369	5.582	6.741
-0.385	-0.002	0.493	0.662	0.432	0.543	6.741
-0.608	-0.414	-0.005	0.677	0.564	0.463	6.741
-0.353	-0.122	0.382	0.939	0.564	0.900	6.741
-0.832	-0.493	0.001	0.642	0.468	1.410	6.741
-0.365	-0.091	0.176	0.463	0.886	1.447	6.741
-0.524	-0.263	-0.126	0.973	0.778	1.816	6.741
0.011	0.318	0.574	1.379	0.905	2.106	6.741
-0.878	-0.463	-0.078	0.583	0.792	1.754	6.741
-1.594	-0.908	-0.261	0.440	0.894	1.826	6.741
-1.284	0.192	-0.028	0.603	1.058	2.176	6.741
-1.620	-0.632	-0.047	0.803	1.688	2.480	6.741
-1.610	-0.596	-0.106	0.787	1.622	2.916	6.741
-1.005	-0.634	-0.245	1.303	2.099	3.515	6.741
-3.183	-0.997	-0.128	0.745	1.167	2.863	6.741
-1.006	-0.291	-0.096	0.430	1.389	1.705	6.741
-0.537	0.153	-0.110	-0.064	0.208	1.198	6.741
-0.136	-0.077	-0.291	-0.356	-0.367	0.164	6.741
0.084	0.278	-0.550	-0.839	-0.665	-0.710	6.741
0.572	0.814	-0.434	-1.039	-1.732	-1.445	6.741
1.054	0.833	-0.451	-1.129	-2.123	-2.436	6.741
1.312	0.882	-0.560	-1.271	-2.240	-2.506	6.741
1.475	1.302	-0.390	-1.640	-2.937	-3.472	6.741
1.411	0.731	-0.819	-1.991	-2.954	-3.552	6.741
1.926	1.397	-0.456	-1.831	-2.779	-3.473	6.741
1.689	0.611	-0.194	-1.148	-2.098	-2.462	4.839
1.110	0.394	-0.337	-1.343	-2.221	-2.574	4.839
1.453	0.375	-0.282	-1.430	-2.187	-2.616	4.839
0.588	-0.295	-0.796	-1.704	-2.410	-2.713	4.839
1.742	0.045	-0.317	-2.339	-3.494	-1.986	4.839
0.143	-0.859	-0.894	-1.233	-1.553	-1.729	4.839
0.403	-0.317	-0.491	-0.926	-1.369	-0.795	4.839
0.354	-0.598	-0.480	-0.395	-0.397	0.102	4.839
-1.098	-0.851	-0.707	-0.163	-0.032	0.665	4.839
-1.643	-1.136	-0.535	0.196	0.922	1.950	4.839
-2.106	-1.314	-0.726	0.694	1.067	2.327	4.839
-2.029	-1.219	-0.246	1.306	2.158	3.725	4.839
-0.626	0.448	-0.491	3.496	4.742	4.035	4.839
-2.847	-1.811	-0.512	1.234	2.262	3.793	4.839
-2.596	-1.559	-0.514	1.148	2.128	3.090	4.839
-2.020	-1.173	-0.237	1.318	1.923	2.841	4.839
-1.874	-1.134	-0.210	1.184	1.828	2.628	4.839
-1.382	-0.729	-0.184	0.960	1.305	2.714	4.839
-5.742	-4.033	-0.354	1.542	0.734	2.134	4.839
-1.617	-0.897	-0.309	0.846	1.260	1.726	4.839
-1.292	-1.199	-0.077	0.913	1.090	1.723	4.839
-1.101	-0.427	0.013	1.095	1.277	1.191	4.839
-0.878	-0.144	0.034	1.475	0.873	1.047	4.839
0.089	0.545	-0.099	2.235	1.623	0.815	4.839
-1.089	-0.416	-0.155	0.608	0.532	1.288	4.839
-1.047	0.210	-0.129	0.711	0.329	0.532	4.839
-1.466	0.054	-0.016	0.732	0.411	-0.476	4.839
-0.680	0.212	0.339	0.827	0.428	-0.118	4.839
-0.424	-0.021	-0.253	0.460	-0.060	-0.487	4.839
-1.287	-0.529	-0.480	-0.090	-0.284	-1.063	4.839
-1.151	-0.413	-0.651	-0.262	-1.103	-1.453	4.839
-0.832	0.129	-0.468	0.659	0.014	-1.473	4.839
-1.092	0.120	-0.379	-0.120	-0.769	-1.305	4.839
-0.749	-0.324	-0.265	0.034	-0.535	-1.580	4.839
-0.554	-0.019	-0.445	0.036	-1.036	-1.897	4.839
-1.142	-0.478	-0.960	-1.124	-1.510	-3.102	4.839
-0.272	0.592	-0.358	-0.675	-1.498	-2.747	4.839
0.558	-0.203	-0.495	-0.144	-1.047	-2.044	4.839
-0.391	0.096	-0.601	-0.467	-0.992	-1.481	4.839
-0.361	0.023	-0.204	-0.106	-0.704	-0.092	4.839
0.886	0.450	0.017	-0.161	0.143	0.223	4.839
-0.155	-0.062	-0.467	0.335	0.082	0.028	4.839
0.330	0.406	-0.181	0.237	0.370	0.964	4.839
0.303	0.215	0.334	0.477	1.136	1.713	4.839
0.682	0.460	0.498	0.490	1.681	1.936	4.839
1.082	1.093	0.324	0.403	1.284	2.714	4.839
1.120	0.975	0.763	0.767	1.260	2.259	4.839
0.045	-0.306	0.611	0.437	1.308	2.091	4.839
0.928	0.733	0.296	0.417	1.101	2.219	4.839
-0.481	-0.658	-0.169	0.258	0.147	1.747	4.839
-0.166	-0.190	-0.265	-0.515	0.286	1.209	4.839
-0.130	-0.308	-0.099	-0.240	0.419	1.942	4.839
0.453	0.408	0.277	0.191	0.922	1.551	4.839
-0.561	-0.650	-0.532	-0.755	-0.131	0.311	4.839
-0.829	-0.705	-0.737	-0.938	-0.765	-0.585	4.839
-1.200	-0.807	-0.833	-0.949	-0.934	-1.195	4.839
-0.639	-0.796	-0.874	-1.200	-1.398	-2.285	4.839
-0.652	-1.068	-0.944	-1.063	-1.542	-2.387	4.839
-1.213	-1.128	-1.136	-1.362	-2.080	-2.938	4.839
-1.604	-1.420	-1.394	-1.508	-2.365	-3.681	4.839
-1.432	-1.073	-1.197	-1.349	-2.318	-3.940	4.839
-2.129	-1.168	-1.281	-1.250	-2.289	-3.621	4.839
-1.649	-1.220	-1.112	-1.259	-2.064	-3.192	4.839
-1.720	-0.995	-0.906	-0.342	-1.473	-2.548	4.839
-0.979	-0.394	-0.466	-0.024	-1.053	-2.098	4.839
-1.593	-0.902	-0.859	-0.574	-0.554	-1.853	4.839
-0.536	0.047	-0.134	0.174	-0.448	-1.390	4.839
-0.787	-0.300	-0.390	0.106	-0.582	-1.298	4.839
-1.041	-0.755	-0.461	0.096	-0.539	-1.130	4.839
-0.899	-0.650	-0.041	0.245	-0.250	-0.602	4.839
-1.029	-0.329	-0.442	0.775	-0.073	-0.093	4.839
-13.084	-11.733	-6.502	-9.981	-10.535	-5.617	4.839
-0.597	-0.351	-0.223	0.810	0.545	0.583	4.839
-0.393	0.186	0.793	1.176	1.176	1.389	4.839
-1.152	-0.042	0.401	1.249	1.076	1.464	4.839
-0.602	-0.365	0.476	1.316	1.383	1.513	4.839
-1.507	-0.460	-0.002	1.178	1.939	2.216	4.839
-11.786	-12.160	-4.904	-14.646	-14.961	0.835	4.839
-1.461	-0.961	-0.196	1.041	1.481	2.818	4.839
-1.600	-0.449	0.360	1.292	1.807	3.419	4.839
-1.628	-0.717	0.330	1.477	2.222	3.599	4.839
-1.769	-0.548	0.403	1.566	2.599	3.802	4.839
-1.959	-1.005	0.147	1.515	2.697	4.112	4.839
-2.254	-0.904	0.106	1.687	3.404	4.703	4.839
-2.512	-1.366	-0.124	1.413	2.878	4.745	4.839
-2.310	-1.475	-0.274	0.965	2.298	3.952	4.839
-1.754	-0.975	-0.152	0.688	1.811	3.309	4.839
-1.271	-0.958	-0.213	0.617	1.248	2.423	4.839
-0.806	-0.606	-0.203	0.197	0.719	1.791	4.839
-0.230	-0.284	-0.144	0.266	-0.117	0.840	4.839
0.478	-0.119	-0.135	-0.502	-0.428	0.124	4.839
0.148	-0.091	-0.595	-1.083	-1.239	-1.449	4.839
1.102	0.237	-0.344	-1.196	-1.510	-1.679	4.839
1.015	0.412	-0.159	-1.090	-1.589	-1.513	4.839
1.572	0.740	-0.172	-1.253	-1.921	-2.274	4.839
1.779	0.803	0.004	-0.935	-2.097	-2.024	4.839
1.487	-0.338	-0.292	-1.251	-2.089	-1.812	2.659
1.361	-0.348	-0.381	-0.925	-1.816	-2.057	2.659
1.225	-0.543	-0.442	-1.410	-1.859	-1.358	2.659
1.370	-0.440	-0.175	-0.780	-1.343	-1.345	2.659
-0.890	-3.642	-0.414	-3.730	-4.459	-0.793	2.659
0.501	-0.833	-0.150	-0.307	-0.901	-0.240	2.659
-0.372	-2.287	-1.397	-0.844	-0.797	0.568	2.659
-1.067	-1.529	-0.600	-0.299	-0.070	0.562	2.659
-1.221	-1.736	-0.480	0.138	0.855	2.273	2.659
-1.859	-1.918	-0.523	0.747	1.509	2.971	2.659
-2.564	-2.435	-0.761	0.685	1.662	3.404	2.659
-2.678	-2.454	-0.572	1.540	2.534	4.194	2.659
-3.006	-2.389	-0.415	1.736	3.068	5.120	2.659
-3.050	-2.387	-0.340	1.844	3.092	4.945	2.659
-2.303	-2.159	-0.095	1.866	3.004	4.646	2.659
-2.665	-2.168	-0.364	1.454	2.203	3.731	2.659
-2.035	-1.604	-0.143	1.519	2.507	4.192	2.659
-2.020	-1.454	-0.132	1.396	2.188	3.659	2.659
-4.447	-3.767	-0.346	2.616	2.474	3.131	2.659
-1.744	-1.063	-0.091	1.267	1.729	2.621	2.659
-1.475	-1.158	0.099	1.351	1.920	2.198	2.659
-1.539	-1.316	-0.297	1.048	1.219	1.847	2.659
-0.900	-0.640	-0.021	1.085	1.094	0.929	2.659
-0.392	0.200	-0.343	1.851	1.768	1.192	2.659
-1.054	-0.634	-0.294	0.663	0.006	0.634	2.659
-1.393	-0.683	-0.340	0.433	0.345	-0.029	2.659
-1.181	-0.528	-0.311	0.382	0.096	0.018	2.659
-1.083	-0.541	-0.383	0.064	-0.346	-0.898	2.659
-0.973	-0.292	-0.419	-0.107	-0.571	-1.154	2.659
-0.217	-0.197	-0.232	0.641	-0.521	-1.336	2.659
-1.708	-0.878	-1.032	-0.237	-1.257	-1.952	2.659
-0.705	0.527	-0.553	0.252	-0.820	-1.877	2.659
-0.531	-0.027	-0.331	-0.136	-1.122	-2.302	2.659
-0.550	0.528	-0.063	0.190	-0.841	-2.108	2.659
-0.812	-0.147	-0.680	-0.554	-1.843	-2.954	2.659
-0.046	0.385	-0.463	-0.381	-1.870	-3.826	2.659
-0.195	0.236	-0.603	-0.930	-2.163	-2.899	2.659
-0.415	0.379	-0.666	-0.741	-2.030	-1.803	2.659
-0.302	0.327	-0.534	-0.665	-1.489	-2.498	2.659
0.308	0.797	-0.265	-0.229	-1.108	-1.417	2.659
-4.731	-3.859	-3.090	-4.974	-5.523	0.137	2.659
1.025	1.227	0.047	-0.284	-0.033	-0.169	2.659
0.589	1.029	-0.058	-0.116	-0.879	-0.309	2.659
0.415	0.971	-0.129	-0.071	0.033	0.980	2.659
1.195	1.540	0.264	0.034	0.003	0.964	2.659
0.801	0.756	0.199	-0.126	0.515	1.144	2.659
1.225	1.441	0.558	0.282	0.644	1.650	2.659
0.969	1.919	0.382	0.322	0.943	2.296	2.659
1.118	1.311	0.521	-0.110	0.358	1.833	2.659
0.898	1.838	0.389	-0.135	0.646	2.159	2.659
0.617	0.724	0.051	0.013	-0.078	1.294	2.659
0.786	0.887	0.110	-0.281	0.000	0.933	2.659
0.444	0.594	-0.197	-0.923	-0.482	0.703	2.659
0.091	0.290	-0.340	-0.572	-0.303	-0.227	2.659
-0.330	0.025	-0.838	-1.298	-1.560	-1.721	2.659
-0.485	-0.092	-0.885	-1.299	-1.611	-1.742	2.659
-0.267	0.062	-0.939	-1.236	-1.998	-2.490	2.659
-0.878	-0.316	-1.086	-1.418	-2.381	-3.394	2.659
-0.948	-0.382	-1.252	-1.437	-2.759	-3.756	2.659
-1.312	-0.391	-1.107	-1.625	-2.918	-3.958	2.659
-1.147	-0.316	-1.410	-1.028	-3.142	-4.666	2.659
-1.562	-0.545	-1.613	-1.760	-3.231	-4.846	2.659
-1.713	-0.736	-1.629	-1.757	-3.131	-4.689	2.659
-1.689	-0.685	-1.195	-1.180	-1.882	-3.707	2.659
-1.333	-0.461	-0.998	-0.814	-2.052	-3.375	2.659
-1.217	-0.363	-0.657	-0.274	-1.334	-2.684	2.659
-1.097	-0.042	-0.544	-0.232	-1.313	-2.168	2.659
-0.941	-0.101	-0.341	0.042	-0.574	-1.965	2.659
-0.346	0.110	-0.044	0.215	-0.363	-1.432	2.659
-0.764	0.211	0.019	0.963	-0.142	-0.436	2.659
-0.527	0.355	0.407	0.633	0.044	-0.026	2.659
9.128	10.538	5.102	12.060	11.367	5.679	2.659
-0.438	0.216	0.678	1.109	0.822	1.160	2.659
-0.522	0.401	0.426	1.708	1.210	1.614	2.659
-0.162	-0.030	0.734	1.647	1.824	2.305	2.659
-4.210	-2.694	0.364	0.675	1.837	2.251	2.659
-0.466	0.252	0.901	2.348	2.446	3.044	2.659
-1.107	-0.688	0.215	2.178	2.283	3.128	2.659
-0.879	-0.238	0.711	2.076	2.727	3.722	2.659
-2.019	-1.193	0.059	1.365	2.237	3.689	2.659
-2.253	-1.330	0.112	1.420	2.413	4.686	2.659
-2.092	-1.534	0.118	1.559	2.828	4.462	2.659
-2.407	-1.365	0.139	1.791	3.211	5.632	2.659
-2.817	-1.738	-0.012	1.748	3.493	5.991	2.659
-2.618	-1.602	0.163	1.920	3.717	5.811	2.659
-2.655	-1.795	-0.203	1.450	2.841	5.003	2.659
-1.896	-1.389	0.098	1.554	2.508	4.750	2.659
-1.485	-1.426	0.100	1.095	2.223	3.953	2.659
-0.875	-1.167	-0.098	0.743	1.469	3.378	2.659
-0.140	-0.821	-0.028	0.547	0.792	1.852	2.659
-0.046	-0.101	-0.157	-0.133	0.217	1.655	2.659
0.506	-0.786	-0.311	-0.596	-0.489	0.034	2.659
0.912	0.195	-0.031	-0.530	-0.623	-0.131	2.659
1.400	-0.091	0.003	-0.866	-1.207	-1.019	2.659
1.415	-0.439	-0.251	-0.912	-1.583	-1.384	2.659
1.481	-0.357	-0.364	-1.210	-2.023	-1.894	2.659
1.655	-0.940	-0.054	-1.097	-1.030	-1.035	0.121
1.324	-1.431	-0.262	-0.791	-1.531	-0.980	0.121
1.571	-1.379	-0.121	-0.596	-1.208	-0.455	0.121
0.875	-1.114	-0.111	-0.697	-0.528	0.014	0.121
-1.417	-5.440	-0.046	-2.605	-2.504	0.975	0.121
0.362	-1.456	-0.077	0.386	0.208	1.132	0.121
-1.109	-4.836	-0.729	0.376	1.151	2.188	0.121
-0.896	-2.262	-0.094	0.562	1.206	2.972	0.121
-1.280	-2.691	-0.259	0.971	1.853	3.987	0.121
-2.311	-3.045	-0.269	1.487	2.492	4.483	0.121
-2.475	-3.298	-0.413	1.685	2.897	4.961	0.121
-2.843	-3.093	-0.337	1.973	3.359	5.799	0.121
-3.417	-3.488	-0.354	2.122	3.887	6.565	0.121
-3.494	-3.054	-0.014	2.855	4.248	6.657	0.121
-3.255	-3.465	-0.285	1.778	3.665	6.315	0.121
-3.770	-3.629	-0.704	1.579	2.913	5.029	0.121
-3.154	-2.921	-0.051	2.106	3.301	5.528	0.121
-2.616	-2.895	-0.212	1.949	2.862	4.934	0.121
-8.340	-8.057	0.044	3.197	1.657	4.917	0.121
-2.083	-1.959	-0.097	1.878	2.375	3.996	0.121
-2.143	-1.825	-0.139	1.586	1.976	3.690	0.121
-2.051	-1.924	-0.116	1.214	1.515	2.999	0.121
-1.613	-1.288	-0.143	1.167	1.168	2.114	0.121
-0.025	0.490	-0.350	2.296	2.346	1.794	0.121
-1.169	-0.947	-0.312	0.887	0.596	0.998	0.121
-1.311	-1.095	-0.327	0.654	0.058	0.481	0.121
-1.039	-0.277	0.013	0.792	0.013	-0.108	0.121
-1.271	-1.005	-0.518	-0.040	-0.594	-1.001	0.121
-0.319	-0.264	-0.457	0.216	-0.736	-1.649	0.121
-0.704	-0.133	-0.537	0.121	-0.977	-1.580	0.121
-0.578	0.098	-0.418	-0.243	-1.186	-2.637	0.121
0.473	1.163	-0.623	0.873	-0.296	-3.006	0.121
-0.413	0.320	-0.522	-0.382	-1.646	-3.662	0.121
-0.969	0.044	-0.786	-0.591	-1.767	-3.368	0.121
-0.361	0.787	-0.617	-0.705	-2.325	-4.107	0.121
-0.223	0.325	-0.930	-1.121	-2.939	-4.675	0.121
0.278	1.282	-0.693	-1.040	-2.512	-3.857	0.121
-0.287	0.750	-0.876	-1.019	-2.767	-4.067	0.121
-0.537	0.304	-1.020	-1.300	-2.880	-3.820	0.121
-0.274	0.891	-0.634	-0.997	-2.150	-2.675	0.121
0.737	1.294	-0.668	-1.197	-2.086	-2.610	0.121
0.708	1.839	0.013	-0.543	-1.187	-1.267	0.121
1.187	2.537	0.206	-0.311	-0.800	-0.596	0.121
1.415	1.916	0.377	0.030	-0.378	0.239	0.121
1.413	1.974	0.052	-0.418	-0.476	0.254	0.121
1.362	1.935	0.248	-0.003	-0.218	0.941	0.121
1.586	2.219	0.255	-0.535	-0.353	0.925	0.121
1.532	2.580	0.645	0.057	0.107	1.449	0.121
2.250	2.484	0.688	0.075	0.092	1.648	0.121
1.076	1.995	0.241	-0.226	-0.077	0.911	0.121
1.504	2.215	0.112	-0.421	-0.555	0.285	0.121
0.839	1.744	0.053	-0.634	-0.462	0.399	0.121
0.976	1.633	-0.219	-0.843	-1.182	-0.742	0.121
-0.146	0.851	-0.761	-1.354	-1.584	-1.854	0.121
0.346	1.101	-0.562	-1.595	-2.002	-2.075	0.121
-0.924	0.638	-1.103	-1.612	-2.541	-2.600	0.121
-0.476	0.710	-1.057	-1.724	-3.275	-3.232	0.121
-1.088	0.438	-1.408	-1.806	-3.156	-3.868	0.121
-0.815	0.765	-1.275	-1.802	-3.345	-4.404	0.121
-1.003	0.512	-1.315	-1.400	-3.262	-4.826	0.121
-1.245	0.317	-1.475	-1.734	-3.723	-5.264	0.121
-1.378	0.124	-1.450	-1.530	-3.638	-4.662	0.121
-0.734	0.708	-1.387	-0.650	-2.859	-4.944	0.121
-1.801	-0.031	-1.269	-0.875	-2.759	-4.275	0.121
-1.409	0.705	-0.930	-0.870	-2.445	-4.303	0.121
-1.237	0.339	-0.653	-0.373	-1.688	-3.305	0.121
-0.754	0.555	-0.479	0.208	-1.461	-2.786	0.121
-1.202	-0.234	-0.745	-0.267	-1.131	-2.578	0.121
-1.051	0.192	-0.613	-0.083	-1.011	-2.256	0.121
-0.523	0.582	0.298	0.968	-0.048	-1.105	0.121
-0.933	-0.154	0.473	0.626	-0.252	-1.483	0.121
11.482	11.469	3.018	11.586	11.551	7.965	0.121
-0.695	0.799	1.462	1.433	1.574	0.723	0.121
-0.572	0.032	0.433	1.723	1.221	1.745	0.121
-0.556	0.436	0.740	1.876	2.118	2.571	0.121
-5.452	-3.532	0.667	0.081	1.133	2.968	0.121
-0.937	-0.062	0.524	2.144	2.588	3.384	0.121
-1.105	-0.526	0.774	2.508	2.979	4.333	0.121
-1.365	-0.512	0.789	2.781	3.576	5.444	0.121
-2.110	-1.571	0.084	2.142	2.983	4.796	0.121
-2.044	-1.295	0.488	1.888	4.133	6.060	0.121
-2.681	-1.883	0.155	2.172	3.650	6.009	0.121
-2.567	-1.602	0.414	2.473	4.469	7.059	0.121
-3.092	-2.159	0.080	2.341	4.299	7.076	0.121
-3.002	-2.246	0.265	2.326	4.536	6.744	0.121
-2.532	-2.281	0.417	2.274	4.313	5.943	0.121
-2.525	-2.591	0.197	1.685	3.795	5.613	0.121
-2.119	-1.992	0.242	1.664	3.110	5.559	0.121
-1.466	-1.951	0.014	1.289	2.434	4.410	0.121
-0.896	-1.552	0.080	0.688	1.618	3.508	0.121
-0.076	-1.185	0.235	1.092	1.355	3.109	0.121
0.332	-0.833	0.146	0.204	0.596	1.911	0.121
0.747	-1.171	0.106	-0.359	0.559	1.175	0.121
1.005	-1.121	-0.117	-0.506	-0.748	-0.810	0.121
1.560	-0.975	-0.013	-0.761	-1.014	-0.285	0.121
1.436	-1.685	-0.262	-1.695	-1.518	-0.778	0.121
-0.407	-1.430	0.465	1.325	2.218	1.502	-1.082
-0.341	-1.132	0.483	1.871	2.631	1.574	-1.082
-0.229	-1.097	0.696	1.374	2.459	1.596	-1.082
-0.046	-0.423	0.641	1.903	2.559	1.510	-1.082
-1.290	-3.087	-0.221	-1.023	0.337	0.269	-1.082
-0.903	-3.943	-0.675	-0.235	0.180	1.382	-1.082
-3.161	-8.476	-1.968	0.230	1.354	2.780	-1.082
-2.337	-4.649	-1.136	0.128	1.025	3.312	-1.082
-2.576	-4.428	-0.752	1.044	2.334	4.938	-1.082
-2.979	-4.615	-0.688	1.508	2.872	6.127	-1.082
-3.726	-5.117	-1.025	1.650	3.229	6.430	-1.082
-3.977	-5.007	-0.667	2.263	4.009	7.081	-1.082
-1.964	-2.267	-0.645	4.957	6.852	7.872	-1.082
-4.857	-5.042	-0.840	2.122	4.457	7.985	-1.082
-4.282	-4.275	-0.402	2.763	4.697	7.767	-1.082
-4.406	-4.624	-0.718	1.997	3.974	7.031	-1.082
-4.382	-4.658	-1.003	1.817	3.530	6.506	-1.082
-3.825	-4.057	-0.112	2.500	3.892	6.656	-1.082
-7.345	-8.108	1.010	5.389	4.948	7.080	-1.082
-2.867	-3.120	-0.355	1.804	2.658	5.146	-1.082
-2.630	-3.086	-0.441	1.464	2.082	4.341	-1.082
-2.750	-2.846	-0.525	1.210	1.605	3.284	-1.082
-1.828	-2.071	-0.103	1.218	1.462	3.146	-1.082
-1.684	-1.784	-0.889	1.120	1.080	1.533	-1.082
-1.258	-1.589	-0.421	0.763	0.406	1.258	-1.082
-1.685	-1.318	-0.581	0.547	-0.100	0.346	-1.082
-1.129	-0.820	-0.421	0.407	-0.328	-0.441	-1.082
-1.379	-0.746	-0.746	-0.022	-1.044	-1.584	-1.082
-1.080	-0.514	-0.755	-0.309	-1.521	-2.321	-1.082
-1.339	-0.772	-1.046	-0.641	-1.851	-3.364	-1.082
-0.612	0.019	-0.713	-0.441	-2.106	-3.563	-1.082
0.269	1.386	-0.940	0.630	-0.756	-3.758	-1.082
-0.805	0.205	-1.049	-1.102	-2.855	-4.446	-1.082
-0.773	0.531	-0.988	-1.012	-2.746	-4.392	-1.082
-0.984	0.382	-1.414	-1.451	-3.457	-5.773	-1.082
-0.465	0.932	-1.121	-1.232	-3.500	-6.166	-1.082
-0.136	1.380	-1.095	-1.597	-3.614	-5.506	-1.082
-0.345	1.168	-1.209	-1.479	-3.549	-4.150	-1.082
-0.361	1.274	-1.135	-1.655	-3.671	-4.897	-1.082
0.344	1.816	-0.781	-1.282	-2.552	-3.235	-1.082
0.594	1.951	-0.818	-1.659	-3.080	-3.837	-1.082
0.463	2.063	-0.758	-1.400	-2.293	-2.617	-1.082
0.646	1.520	-0.955	-1.604	-2.520	-2.248	-1.082
1.323	2.663	-0.154	-0.710	-1.302	-0.901	-1.082
1.919	3.262	0.281	-0.619	-1.074	-0.662	-1.082
0.818	2.261	-0.621	-1.331	-1.661	-0.885	-1.082
1.574	2.755	-0.236	-0.983	-1.446	-0.386	-1.082
1.629	2.446	-0.136	-0.584	-0.801	0.017	-1.082
1.498	2.451	-0.236	-0.871	-1.124	-0.400	-1.082
1.406	2.327	-0.229	-0.610	-0.907	0.068	-1.082
1.073	2.436	-0.464	-1.262	-1.627	-0.668	-1.082
0.507	2.039	-0.763	-1.538	-2.019	-1.198	-1.082
0.824	2.272	-0.773	-1.399	-2.139	-1.544	-1.082
0.333	2.045	-1.009	-1.714	-2.553	-2.103	-1.082
0.121	1.843	-1.131	-1.633	-2.730	-2.619	-1.082
-0.178	1.373	-1.001	-1.189	-2.019	-2.055	-1.082
-0.100	1.308	-0.907	-0.965	-2.198	-2.134	-1.082
-1.098	0.674	-1.805	-1.984	-3.340	-3.176	-1.082
-0.410	1.400	-1.102	-1.209	-2.735	-3.104	-1.082
-1.431	0.658	-1.943	-2.018	-3.989	-4.644	-1.082
-1.388	0.687	-1.910	-1.721	-3.457	-4.771	-1.082
-1.144	0.912	-1.494	-1.175	-3.114	-4.146	-1.082
-1.485	0.637	-2.009	-1.536	-3.737	-5.042	-1.082
-2.024	0.073	-1.847	-1.482	-3.087	-3.893	-1.082
-1.463	0.509	-1.566	-1.264	-2.961	-4.243	-1.082
-1.798	0.296	-1.578	-0.933	-2.748	-4.238	-1.082
-1.129	0.426	-1.076	-0.598	-1.857	-3.254	-1.082
-1.105	0.715	-0.713	-0.031	-1.330	-2.514	-1.082
-1.292	0.380	-0.785	-0.128	-1.514	-2.665	-1.082
-1.350	0.335	-0.675	0.271	-0.965	-2.100	-1.082
-1.910	-0.700	-0.781	-0.663	-1.786	-2.443	-1.082
-0.070	0.614	-1.065	0.747	-0.103	1.444	-1.082
7.153	6.366	-0.492	5.169	5.806	4.376	-1.082
-2.612	-1.679	-0.827	0.411	-0.169	-0.791	-1.082
-1.126	-0.083	-0.044	1.339	1.442	0.929	-1.082
-7.309	-5.908	-0.249	-1.556	-2.141	1.112	-1.082
-1.454	-0.738	0.032	1.840	2.533	2.357	-1.082
-2.263	-1.470	-0.103	2.077	2.885	3.950	-1.082
-4.078	-3.351	-1.498	0.729	1.836	3.437	-1.082
-3.098	-2.476	-0.435	1.687	3.071	4.034	-1.082
-2.601	-2.152	0.065	2.427	3.991	4.276	-1.082
-2.981	-2.297	0.143	2.618	4.483	5.225	-1.082
-3.362	-3.028	-0.170	2.560	4.612	5.459	-1.082
-3.765	-3.355	-0.191	2.639	5.058	7.902	-1.082
-2.918	-2.930	-0.108	2.180	4.124	4.237	-1.082
-1.206	-1.778	-0.158	0.864	1.473	0.634	-1.082
-2.111	-2.411	-0.116	1.552	2.869	2.672	-1.082
-2.758	-3.584	-0.458	1.656	3.441	4.549	-1.082
-2.732	-3.750	-0.698	0.913	2.436	5.249	-1.082
-2.802	-3.551	-1.380	-0.817	-0.054	1.047	-1.082
-0.798	-1.268	-0.126	0.317	0.294	-0.677	-1.082
-0.520	-1.042	0.298	0.851	1.414	0.309	-1.082
-0.892	-0.912	0.306	1.394	2.023	0.274	-1.082
-0.557	-0.991	0.468	1.475	2.531	0.976	-1.082
-0.690	-1.311	0.421	1.526	2.274	0.827	-1.082
-0.492	-1.242	0.557	1.635	2.328	1.540	-1.082
-0.251	1.187	-0.290	-0.003	-0.630	-0.414	9.410
-0.492	1.110	-0.094	0.558	0.480	0.363	9.410
-0.712	-0.735	-0.112	0.190	0.844	0.195	9.410
-0.412	-0.927	-0.175	0.135	0.608	0.770	9.410
-1.302	-2.279	-0.969	-0.690	-0.299	-0.510	9.410
-1.260	-1.701	-0.690	0.098	0.123	-0.465	9.410
-0.401	0.474	0.169	0.298	0.499	0.336	9.410
-0.329	0.727	-0.218	-0.256	-0.251	0.087	9.410
-2.849	-1.437	-0.674	0.697	1.929	3.277	6.741
-0.303	-0.644	-0.582	-1.082	-1.697	-2.738	6.741
-1.566	-1.480	-1.284	-1.582	-2.608	-3.972	6.741
-2.539	-0.771	0.077	1.671	2.723	4.279	6.741
